34.110950146487724   -118.177260901474570   -0.016145   -0.003886   0.036116   0.058123   1384454446.707254
34.110951047363365   -118.177258917449760   -0.014958   0.007271   0.033461   0.053850   1384454447.679309
34.110952151843350   -118.177257350439180   -0.014322   -0.005894   0.032038   0.051560   1384454448.705368
34.110953631366428   -118.177255684713940   0.047022   -0.042666   0.105185   0.169279   1384454449.678423
34.110955115375845   -118.177253818747720   -0.009837   -0.002914   0.022005   0.035414   1384454450.702482
34.110956258018049   -118.177251656562320   -0.012871   -0.007486   0.028791   0.046335   1384454451.675538
34.110957095336310   -118.177250513850150   -0.025554   -0.001377   0.057163   0.091994   1384454452.700596
34.110957512116570   -118.177249023792710   0.007027   -0.001182   0.015718   0.025296   1384454453.676652
34.110958043712003   -118.177247465627180   -0.024455   0.007246   0.054704   0.088038   1384454454.700711
34.110959105232688   -118.177246006954660   -0.047479   -0.001676   0.106208   0.170926   1384454455.664766
34.110960832436156   -118.177244801527660   -0.002148   0.016000   0.035790   0.057599   1384454456.689824
34.110963617545053   -118.177244344099360   0.040037   -0.016090   0.089559   0.144132   1384454457.673881
34.110966751242920   -118.177244381034100   -0.036412   -0.016285   0.081451   0.131082   1384454458.699939
34.110970238608601   -118.177244769431890   -0.026400   -0.011961   0.059056   0.095041   1384454459.675995
34.110974108244719   -118.177245111766130   -0.027262   0.005033   0.060983   0.098143   1384454460.700054
34.110976701905223   -118.177244596888490   -0.010676   -0.024182   0.054094   0.087056   1384454461.676110
34.110979781260141   -118.177244596657740   0.021172   -0.027810   0.062209   0.100116   1384454462.699168
34.110982336955594   -118.177244148718530   -0.009654   -0.024311   0.054383   0.087521   1384454463.673224
34.110983909145688   -118.177242798865690   -0.019155   -0.019312   0.043200   0.069524   1384454464.697282
34.110984043199331   -118.177241271524110   -0.025651   0.003645   0.057379   0.092342   1384454465.663338
34.110984994068765   -118.177240419758860   -0.000982   -0.018227   0.040773   0.065618   1384454466.689396
34.110986311375093   -118.177240423753370   -0.033635   -0.019237   0.075239   0.121085   1384454467.669452
34.110987533987206   -118.177240680835370   -0.012705   -0.013462   0.030114   0.048463   1384454468.692511
34.110987923735230   -118.177240770486900   -0.019773   -0.023338   0.052205   0.084016   1384454469.667567
34.110987389046528   -118.177240484190510   -0.028466   -0.007688   0.063677   0.102478   1384454470.694625
34.110987091043782   -118.177240278779050   -0.014281   -0.009610   0.031945   0.051411   1384454471.667681
34.110987661913043   -118.177240882405610   -0.020622   -0.011189   0.046130   0.074239   1384454472.692740
34.110988713284044   -118.177242192900920   0.014525   -0.040783   0.091228   0.146818   1384454473.669796
34.110989420979223   -118.177243493369720   -0.039417   -0.009006   0.088172   0.141899   1384454474.693854
34.110989497884404   -118.177244879937830   -0.027255   0.006002   0.060968   0.098119   1384454475.664910
34.110988545352612   -118.177246032380130   -0.020788   -0.023550   0.052681   0.084781   1384454476.689968
34.110986909620344   -118.177247364701460   -0.039389   -0.020510   0.088110   0.141799   1384454477.667024
34.110985226456755   -118.177247974230480   -0.026486   -0.022952   0.059247   0.095349   1384454478.691083
34.110984642022672   -118.177248186900580   -0.007650   0.000852   0.017112   0.027539   1384454479.664138
34.110984291620632   -118.177248108934390   -0.011906   0.019081   0.042683   0.068691   1384454480.689197
34.110983746369804   -118.177247997243170   0.021434   -0.003706   0.047946   0.077161   1384454481.667253
34.110982480459676   -118.177247285853100   -0.035803   0.009085   0.080089   0.128890   1384454482.690311
34.110981074111869   -118.177247794278670   -0.009458   0.007044   0.021157   0.034049   1384454483.666367
34.110980283804615   -118.177249012860230   -0.036860   0.026019   0.082454   0.132697   1384454484.691426
34.110979449810920   -118.177251060903490   0.011370   -0.086677   0.193892   0.312039   1384454485.665482
34.110978436007159   -118.177255077988420   -0.223075   -0.456034   1.020121   1.641723   1384454486.689540
34.110975426649354   -118.177261255589270   -0.255272   -0.614992   1.375700   2.213971   1384454487.664596
34.110971665371302   -118.177269416091630   -0.533203   -0.790186   1.767598   2.844668   1384454488.689655
34.110966902499960   -118.177277924378130   -0.579138   -0.662015   1.480888   2.383254   1384454489.662710
34.110960955817973   -118.177287431361520   -0.711355   -1.048432   2.345278   3.774353   1384454490.686769
34.110952066111132   -118.177300424198720   -1.092432   -1.434362   3.208582   5.163704   1384454491.661825
34.110940497580728   -118.177318439025090   -1.522939   -1.854610   4.148651   6.676596   1384454492.689884
34.110923879349137   -118.177342121560410   -2.040557   -2.544414   5.691702   9.159891   1384454493.663939
34.110905883027243   -118.177372326677120   -1.847405   -3.136505   7.016173   11.291417   1384454494.689998
34.110888655466660   -118.177408496970660   -1.711386   -3.656563   8.179512   13.163626   1384454495.674054
34.110873076776457   -118.177451083337830   -1.499654   -4.379078   9.795735   15.764680   1384454496.698113
34.110858536010241   -118.177500361365700   -1.586623   -4.882459   10.921768   17.576853   1384454497.673168
34.110843085191227   -118.177553690882390   -1.775721   -5.091295   11.388922   18.328663   1384454498.699227
34.110829238420244   -118.177612652878280   -1.313831   -5.844309   13.073368   21.039512   1384454499.671283
34.110814432956104   -118.177677603150190   -1.803425   -6.094878   13.633876   21.941560   1384454500.695341
34.110798580475638   -118.177745340907790   -1.662461   -6.285286   14.059808   22.627029   1384454501.671397
34.110780282501004   -118.177815162328410   -2.233064   -6.631926   14.835221   23.874934   1384454502.699456
34.110761342596405   -118.177889833941250   -1.977029   -6.897537   15.429377   24.831134   1384454503.673512
34.110742943104889   -118.177967035585740   -2.105015   -7.025138   15.714813   25.290498   1384454504.700570
34.110722967247604   -118.178045222874670   -2.142933   -7.188618   16.080506   25.879024   1384454505.667626
34.110702136943665   -118.178125068687070   -2.346725   -7.348719   16.438643   26.455387   1384454506.691684
34.110681407763053   -118.178205992980440   -2.309843   -7.412515   16.581352   26.685055   1384454507.675741
34.110659488537678   -118.178288195284780   -2.263187   -7.744998   17.325095   27.881991   1384454508.699799
34.110637574315419   -118.178373702792110   -2.387777   -8.023824   17.948812   28.885765   1384454509.673855
34.110614311633597   -118.178460750990340   -2.408189   -8.018490   17.936881   28.866563   1384454510.697913
34.110591987502382   -118.178546745951420   -2.238915   -7.895066   17.660788   28.422237   1384454511.672969
34.110572059486785   -118.178630376484680   -1.925743   -7.549000   16.886661   27.176401   1384454512.698028
34.110554397542224   -118.178710056115240   -1.693382   -7.272625   16.268427   26.181452   1384454513.675084
34.110538920216683   -118.178785440572980   -1.635850   -6.648724   14.872797   23.935407   1384454514.701142
34.110525221966363   -118.178857190429770   -1.264538   -6.557448   14.668619   23.606814   1384454515.671198
34.110513774823907   -118.178928665543470   -1.289179   -6.660839   14.899897   23.979021   1384454516.694256
34.110504049662197   -118.179003223819420   -0.804212   -7.082788   15.843773   25.498038   1384454517.668312
34.110499209343217   -118.179081535853000   -0.224904   -7.326000   16.387822   26.373599   1384454518.693371
34.110498132994735   -118.179159218535090   0.055292   -6.858409   15.341849   24.690272   1384454519.669426
34.110500264780725   -118.179233547291390   0.642612   -6.837266   15.294555   24.614159   1384454520.694485
34.110507180330586   -118.179304705006840   1.131840   -6.233675   13.944356   22.441228   1384454521.668541
34.110518530855991   -118.179372612261420   1.426231   -6.133570   13.720427   22.080851   1384454522.693600
34.110532110553891   -118.179437049258520   1.582329   -5.537053   12.386056   19.933391   1384454523.667655
34.110546882768460   -118.179493699102450   1.755351   -4.882664   10.922226   17.577589   1384454524.696714
34.110560863847368   -118.179540331369480   1.407380   -3.663142   8.194229   13.187312   1384454525.667770
34.110569546325870   -118.179570599041510   0.772399   -1.930914   4.319339   6.951291   1384454526.690828
34.110571836974074   -118.179582308788110   0.078679   -0.227291   0.508436   0.818247   1384454527.667884
34.110572292780283   -118.179583509460810   0.028010   -0.100835   0.225562   0.363006   1384454528.692943
34.110575687021239   -118.179592563652970   0.817501   -1.883474   4.213218   6.780505   1384454529.665998
34.110586115582784   -118.179621151030190   1.720746   -3.647619   8.159505   13.131429   1384454530.691057
34.110605354909588   -118.179667698053650   2.544600   -5.078046   11.359284   18.280965   1384454531.665113
34.110633481810851   -118.179728873926590   3.633992   -6.254109   13.990067   22.514794   1384454532.690171
34.110672894274686   -118.179801205736030   5.036828   -7.160036   16.016570   25.776128   1384454533.664227
34.110723902257448   -118.179880115936980   6.074455   -7.649156   17.110702   27.536960   1384454534.689286
34.110784830337764   -118.179962561288700   7.235629   -7.672475   17.162866   27.620910   1384454535.671342
34.110852672716888   -118.180046627818780   7.663157   -7.854933   17.571013   28.277758   1384454536.696400
34.110924558954572   -118.180131120829660   8.114303   -7.833958   18.151208   29.211489   1384454537.670456
34.110999914715741   -118.180217164500330   8.394140   -8.040575   18.777188   30.218905   1384454538.694515
34.111077368955023   -118.180306072884210   8.638774   -8.329677   19.324419   31.099586   1384454539.673571
34.111156961832904   -118.180396550298580   8.714058   -8.434712   19.492825   31.370609   1384454540.701629
34.111236923644292   -118.180488073636750   8.656527   -8.464461   19.364131   31.163496   1384454541.678685
34.111314117800681   -118.180578810414540   8.177230   -8.356141   18.692186   30.082108   1384454542.707744
34.111384016813361   -118.180667933755340   7.329239   -7.998320   17.891761   28.793951   1384454543.685800
34.111447534239815   -118.180753384233040   6.665288   -7.605004   17.011938   27.378016   1384454544.713859
34.111504649984496   -118.180834356814870   5.738616   -6.868115   15.363561   24.725214   1384454545.673914
34.111552931675455   -118.180904788281910   4.724957   -5.838967   13.061418   21.020281   1384454546.704973
34.111591249015063   -118.180963146345730   3.609200   -4.693313   10.498660   16.895927   1384454547.686029
34.111619380301903   -118.181010662054770   2.735114   -3.923540   8.776724   14.124745   1384454548.715088
34.111641147408669   -118.181057489764680   2.094464   -4.656114   10.415448   16.762011   1384454549.693144
34.111656472032870   -118.181110362442540   1.187726   -5.136024   11.488978   18.489686   1384454550.670200
34.111662473576210   -118.181164636814440   0.111138   -4.992453   11.167817   17.972829   1384454551.699259
34.111659400554061   -118.181218320178530   -0.898377   -5.144367   11.507641   18.519722   1384454552.676314
34.111646735398885   -118.181269514878990   -1.925061   -4.529521   10.132268   16.306277   1384454553.703373
34.111628208185913   -118.181313602166340   -2.097368   -3.726018   8.334879   13.413665   1384454554.680429
34.111609266181951   -118.181349415505950   -2.054244   -2.927438   6.548504   10.538779   1384454555.675486
34.111591706517572   -118.181377934436160   -1.797307   -2.229089   4.986338   8.024720   1384454556.712545
34.111575770542004   -118.181402609108570   -1.716707   -2.206343   4.935456   7.942834   1384454557.711602
34.111558391762941   -118.181430386122760   -2.037537   -2.700893   6.041735   9.723214   1384454558.691659
34.111540544469882   -118.181457201348960   -1.849203   -2.220246   4.966558   7.992887   1384454559.669715
34.111527679255637   -118.181475226417040   -0.825479   -1.080175   2.416287   3.888631   1384454560.697773
34.111519317393586   -118.181486157657670   -0.893819   -1.036443   2.318461   3.731195   1384454561.679829
34.111506189106358   -118.181505310599700   -1.902463   -2.591969   5.798079   9.331088   1384454562.709888
34.111488237492509   -118.181534704257470   -2.000980   -2.828853   6.327975   10.183872   1384454563.687944
34.111471281586674   -118.181565257135670   -1.715842   -2.811743   6.289700   10.122275   1384454564.668000
34.111456980408022   -118.181595192626090   -1.326498   -2.786791   6.233883   10.032446   1384454565.680058
34.111447380339669   -118.181622375142750   -0.731458   -2.426726   5.428441   8.736214   1384454566.716117
34.111442176581441   -118.181639073522700   -0.240899   -1.009436   2.258047   3.633968   1384454567.739176
34.111440028961169   -118.181643633498280   -0.035514   -0.232588   0.520285   0.837316   1384454568.666229
34.111440028961169   -118.181643633498280   -0.004824   -0.017418   0.038964   0.062706   1384454569.689287
34.111440028961169   -118.181643633498280   -0.016373   -0.004265   0.036625   0.058942   1384454570.663343
34.111440028961169   -118.181643633498280   0.007372   -0.018748   0.041938   0.067492   1384454571.687402
34.111440028961169   -118.181643633498280   -0.017990   0.005799   0.040242   0.064764   1384454572.664458
34.111440028961169   -118.181643633498280   -0.001034   -0.005903   0.013204   0.021250   1384454573.691516
34.111440028961169   -118.181643633498280   -0.032147   -0.139052   0.311051   0.500588   1384454574.671572
34.111440028961169   -118.181643633498280   -0.335066   -1.491190   3.335703   5.368285   1384454575.676630
34.111435287281488   -118.181665589980450   -0.389388   -2.687346   6.011432   9.674446   1384454576.706689
34.111431992858165   -118.181698447170120   -0.105223   -3.459418   7.738511   12.453905   1384454577.691745
34.111431138230415   -118.181729728810140   0.086782   -2.244637   5.021118   8.080692   1384454578.676802
34.111431547233117   -118.181754747435960   0.208684   -2.245904   5.023953   8.085256   1384454579.708861
34.111434538664206   -118.181784713333770   0.494978   -3.085742   6.902620   11.108671   1384454580.689917
34.111438301779486   -118.181811258357070   0.452960   -1.628240   3.642276   5.861665   1384454581.671973
34.111441138770580   -118.181824280185550   0.152582   -0.513218   1.148039   1.847586   1384454582.705032
34.111443160185942   -118.181831639341620   0.244133   -0.805040   1.800827   2.898145   1384454583.686088
34.111445911385239   -118.181841756488180   0.322051   -1.093309   2.445668   3.935914   1384454584.717147
34.111452379931571   -118.181864933031580   1.042054   -3.285490   7.349444   11.827763   1384454585.681202
34.111465863486885   -118.181912887587560   1.855185   -5.729178   12.815827   20.625041   1384454586.712261
34.111486753345339   -118.181988058342870   2.535623   -8.226184   18.401480   29.614262   1384454587.696317
34.111513813287296   -118.182090009743970   3.148104   -10.588492   23.685822   38.118573   1384454588.680374
34.111543574357036   -118.182218298349750   3.307110   -13.046178   29.183517   46.966240   1384454589.707433
34.111573658071229   -118.182369005420820   3.250438   -14.702883   32.889467   52.930378   1384454590.691489
34.111602270383173   -118.182536964764270   2.883123   -16.193920   36.224828   58.298112   1384454591.669545
34.111622170743424   -118.182721781926380   1.522042   -17.811934   39.844227   64.122961   1384454592.699604
34.111625947747122   -118.182924871038110   -0.703122   -19.509775   43.642196   70.235191   1384454593.676660
34.111610177767695   -118.183137971675440   -2.709496   -19.657328   43.972263   70.766380   1384454594.704718
34.111575984025350   -118.183351108656940   -4.718895   -19.550688   43.733716   70.382476   1384454595.680774
34.111523463801547   -118.183563163417870   -6.779500   -19.477915   43.570927   70.120493   1384454596.712833
34.111452131976165   -118.183772471878330   -8.869444   -19.043240   42.598584   68.555663   1384454597.693889
34.111360371521556   -118.183974195292510   -11.293577   -18.011459   40.290554   64.841254   1384454598.681946
34.111248809839253   -118.184165323504370   -13.256079   -17.041447   38.120694   61.349208   1384454599.713005
34.111119582355279   -118.184344646259580   -15.207885   -15.729036   35.184911   56.624531   1384454600.703061
34.110972492467411   -118.184502487091240   -17.243731   -13.157043   38.573191   62.077430   1384454601.685118
34.110810915917646   -118.184637533130870   -18.452583   -11.692528   41.277322   66.429300   1384454602.719177
34.110637226111237   -118.184752529309750   -19.701475   -9.349150   44.071018   70.925311   1384454603.698233
34.110451996268203   -118.184839990087080   -20.983110   -6.626937   46.937959   75.539198   1384454604.670288
34.110256174485485   -118.184897929820490   -22.125160   -4.006309   49.492656   79.650577   1384454605.674346
34.110054452001705   -118.184938190613720   -22.417852   -3.405725   50.147391   80.704269   1384454606.697404
34.109852184083941   -118.184972918679650   -22.300476   -3.014072   49.884827   80.281714   1384454607.672460
34.109650809584501   -118.185006339429760   -22.099033   -3.211027   49.434212   79.556520   1384454608.700519
34.109450608914685   -118.185042759593590   -21.920088   -3.424689   49.033921   78.912316   1384454609.673574
34.109252538505480   -118.185086071972590   -21.666641   -4.514693   48.466976   77.999908   1384454610.697633
34.109058390537669   -118.185146617123760   -21.030352   -6.567459   47.043635   75.709266   1384454611.672689
34.108869563843456   -118.185227209495820   -20.534214   -8.366246   45.933805   73.923170   1384454612.696747
34.108687302199904   -118.185330104387430   -19.622829   -10.606106   43.895092   70.642186   1384454613.670803
34.108513913331642   -118.185456193429260   -18.645657   -12.611290   41.709215   67.124364   1384454614.695862
34.108350398154755   -118.185603636943300   -17.479403   -14.505560   39.100375   62.925849   1384454615.676918
34.108194217626306   -118.185766314093000   -16.908054   -15.352283   37.822303   60.868996   1384454616.699976
34.108040991547220   -118.185933624534750   -16.918348   -15.333850   37.845330   60.906054   1384454617.682033
34.107888814125580   -118.186099008807820   -16.698225   -15.096315   37.352927   60.113610   1384454618.667089
34.107740943065600   -118.186263746842630   -16.098505   -15.334516   36.011390   57.954618   1384454619.695148
34.107599629965513   -118.186422322569750   -15.170970   -14.215075   33.936550   54.615492   1384454620.669203
34.107469619885059   -118.186567812572360   -13.447311   -12.888297   30.080829   48.410321   1384454621.702262
34.107356561252040   -118.186697831324710   -11.524612   -11.203584   25.779867   41.488605   1384454622.681319
34.107262962909644   -118.186808455388430   -9.234344   -9.203991   20.656675   33.243640   1384454623.713378
34.107191698658404   -118.186895957379220   -6.647312   -7.035895   15.738875   25.329222   1384454624.699434
34.107147767999919   -118.186958018818590   -3.164240   -4.500049   10.066339   16.200175   1384454625.689491
34.107130483920521   -118.187000694710900   -0.810344   -3.541198   7.921447   12.748312   1384454626.677547
34.107133533729737   -118.187041476091040   1.259985   -4.178351   9.346721   15.042065   1384454627.708606
34.107157218934546   -118.187086193349730   3.764699   -4.305892   9.632022   15.501211   1384454628.693662
34.107201460666452   -118.187131753848190   5.643311   -4.462720   12.623748   20.315920   1384454629.676719
34.107260612328282   -118.187182220076550   6.910735   -5.175204   15.458900   24.878646   1384454630.710778
34.107330620633498   -118.187243198677900   7.990202   -6.085163   17.873603   28.764729   1384454631.691834
34.107409028926803   -118.187310597720200   8.548903   -6.333169   19.123382   30.776049   1384454632.672890
34.107491965959660   -118.187379595540020   8.910278   -6.481626   19.931758   32.077002   1384454633.703949
34.107574700633442   -118.187446844793560   8.760304   -5.815360   19.596275   31.537096   1384454634.686005
34.107651564386778   -118.187502332296260   7.780988   -4.337709   17.405603   28.011556   1384454635.687063
34.107715884632761   -118.187537063199850   6.124747   -2.008969   13.700692   22.049090   1384454636.722122
34.107766995587987   -118.187550557362750   4.834541   -0.450907   10.814578   17.404347   1384454637.702178
34.107802392256076   -118.187552201049850   2.745603   0.102390   6.141749   9.884171   1384454638.683234
34.107818709355328   -118.187550679748940   0.635609   0.043103   1.421820   2.288194   1384454639.714293
34.107826171550428   -118.187548761035830   0.899247   0.111670   2.011561   3.237288   1384454640.695349
34.107840778758259   -118.187542254559330   2.404319   0.817697   5.378317   8.655549   1384454641.685406
34.107865858744219   -118.187524962570660   3.196795   2.132688   7.151038   11.508461   1384454642.720465
34.107895323018909   -118.187489952144220   3.412453   4.140839   9.262808   14.907019   1384454643.701521
34.107923795808873   -118.187433910237350   2.927683   6.073353   13.585726   21.864070   1384454644.684577
34.107947767410309   -118.187360607693550   2.430813   7.280565   16.286187   26.210033   1384454645.689635
34.107967495329241   -118.187276312152010   2.050864   8.025460   17.952473   28.891657   1384454646.725694
34.107983816502092   -118.187186499495210   1.718474   8.141547   18.212153   29.309570   1384454647.712750
34.108000378027846   -118.187096808904230   1.982954   8.112270   18.146662   29.204173   1384454648.704807
34.108018799874401   -118.187008987902250   2.081351   7.845232   17.549314   28.242837   1384454649.689863
34.108037766693144   -118.186921503288720   1.985827   7.931787   17.742932   28.554433   1384454650.678920
34.108055183028284   -118.186833872852660   1.672248   7.867623   17.599401   28.323444   1384454651.719979
34.108068210712482   -118.186753287181500   1.090055   6.543532   14.637488   23.556715   1384454652.705036
34.108076738117909   -118.186691781717140   0.689107   4.324341   9.673292   15.567629   1384454653.692092
34.108081284296070   -118.186656208611720   0.225455   1.741012   3.894540   6.267645   1384454654.678149
34.108082680115089   -118.186644088068890   -0.019481   0.162929   0.364462   0.586543   1384454655.691207
34.108082680115089   -118.186644088068890   -0.009199   0.378853   0.847471   1.363871   1384454656.722266
34.108081581690314   -118.186640927041070   -0.022902   0.001875   0.051230   0.082447   1384454657.708322
34.108081581690314   -118.186640927041070   -0.027829   0.020796   0.062251   0.100183   1384454658.692378
34.108081581690314   -118.186640927041070   0.003236   0.068022   0.152162   0.244880   1384454659.674434
34.108081581690314   -118.186640927041070   0.178961   0.829638   1.855851   2.986698   1384454660.712494
34.108083844738516   -118.186622239271470   0.414260   2.241479   5.014053   8.069323   1384454661.697550
34.108086690686171   -118.186589087364620   0.138624   3.531575   7.899921   12.713670   1384454662.687607
34.108081469955444   -118.186544036070300   -1.327608   4.642012   10.383903   16.711244   1384454663.723666
34.108058026201753   -118.186491762340680   -3.954302   4.893266   10.945943   17.615758   1384454664.717723
34.108012694398838   -118.186436639631420   -6.264311   5.212250   14.012889   22.551521   1384454665.690779
34.107949174261549   -118.186376708483710   -7.972292   5.767079   17.833539   28.700251   1384454666.726838
34.107872699824036   -118.186308939033620   -9.144350   6.579409   20.455362   32.919660   1384454667.712894
34.107786370796006   -118.186233351916480   -10.117924   7.224049   22.633188   36.424525   1384454668.710951
34.107693188459031   -118.186151806508580   -10.647253   7.639772   23.817266   38.330111   1384454669.697008
34.107595258743906   -118.186065053642370   -11.154088   8.188573   24.951026   40.154717   1384454670.687064
34.107494181876504   -118.185974338148170   -11.336269   8.310954   25.358554   40.810570   1384454671.724124
34.107391036418072   -118.185881402602930   -11.556555   8.648347   25.851320   41.603597   1384454672.721181
34.107287615128072   -118.185785568833180   -11.408690   8.861450   25.520556   41.071286   1384454673.707237
34.107186036827834   -118.185688097362100   -11.069407   8.969954   24.761598   39.849863   1384454674.696294
34.107086690706311   -118.185591975202740   -10.940174   8.590020   24.472513   39.384627   1384454675.693351
34.106992332222994   -118.185504156392740   -9.932715   7.483264   22.218888   35.757775   1384454676.679407
34.106908576854842   -118.185428306727390   -8.604615   6.286332   19.248008   30.976615   1384454677.721467
34.106836987933207   -118.185364886674930   -7.199589   5.255503   16.105048   25.918520   1384454678.755526
34.106779507911526   -118.185313873246000   -5.453317   4.027133   12.198743   19.631942   1384454679.691579
34.106739292447237   -118.185278454181430   -3.417601   2.554185   7.644968   12.303362   1384454680.677636
34.106719128756318   -118.185260172386190   -1.153024   0.863230   2.579245   4.150886   1384454681.715695
34.106712863291570   -118.185254049769270   -0.418243   0.296845   0.935585   1.505676   1384454682.699751
34.106711857397130   -118.185252735392070   -0.102575   0.074604   0.229455   0.369271   1384454683.688808
34.106711857397130   -118.185252735392070   -0.019698   -0.006855   0.044063   0.070912   1384454684.721867
34.106711857397130   -118.185252735392070   -0.013203   0.002078   0.029535   0.047531   1384454685.689922
34.106711857397130   -118.185252735392070   -0.009906   0.002952   0.022160   0.035662   1384454686.722982
34.106711857397130   -118.185252735392070   0.001415   0.010710   0.023958   0.038557   1384454687.704038
34.106711857397130   -118.185252735392070   -0.094352   0.074341   0.211059   0.339666   1384454688.686094
34.106711857397130   -118.185252735392070   -0.270498   0.194842   0.605088   0.973793   1384454689.723153
34.106710100237962   -118.185248335179050   -0.591412   0.451389   1.322953   2.129083   1384454690.709209
34.106703181505338   -118.185239807430700   -1.255101   1.039585   2.807586   4.518364   1384454691.694266
34.106692376013520   -118.185221029348550   -1.374945   2.330980   5.214261   8.391527   1384454692.680322
34.106684481661063   -118.185186017293860   -0.456635   4.004737   8.958357   14.417055   1384454693.719382
34.106687265100810   -118.185140831354220   1.228535   4.153066   9.290159   14.951036   1384454694.706438
34.106707079411933   -118.185093018897590   3.290865   4.477579   10.016076   16.119285   1384454695.696495
34.106744332419602   -118.185041984419360   5.014738   4.832677   11.217667   18.053055   1384454696.682551
34.106797408499631   -118.184990027545750   6.848166   4.733301   15.318935   24.653396   1384454697.720611
34.106864715896734   -118.184941611275860   8.111825   4.205024   18.145666   29.202570   1384454698.705667
34.106943580219273   -118.184900094257830   9.251417   3.523949   20.694865   33.305102   1384454699.691723
34.107033226013826   -118.184865704824320   10.350396   2.962123   23.153215   37.261426   1384454700.727783
34.107131303524802   -118.184837058031500   11.252869   2.395004   25.171992   40.510327   1384454701.709839
34.107236203892960   -118.184813324257720   11.829649   2.092582   26.462215   42.586736   1384454702.691895
34.107345111780113   -118.184791901825450   12.149782   1.940236   27.178334   43.739216   1384454703.727954
34.107455086831571   -118.184775477296400   12.072723   1.196154   27.005958   43.461804   1384454704.719011
34.107562165397241   -118.184765392062320   11.487231   0.799784   25.696247   41.354033   1384454705.694067
34.107663571835516   -118.184760630843570   10.790981   0.218862   24.138778   38.847533   1384454706.676123
34.107758265696390   -118.184764337864180   10.051880   -0.827428   22.485452   36.186768   1384454707.702181
34.107847829542941   -118.184781494627290   9.573514   -2.201110   21.415376   34.464650   1384454708.677237
34.107931923174505   -118.184815757488560   8.830012   -3.848537   19.752208   31.788044   1384454709.710296
34.108009716240886   -118.184864105579040   8.107882   -4.870867   18.136847   29.188377   1384454710.688352
34.108081165300590   -118.184921258900830   7.518023   -5.577253   16.817366   27.064883   1384454711.671408
34.108147814118475   -118.184983880223410   7.063235   -5.908583   15.800034   25.427647   1384454712.704468
34.108209030070711   -118.185046687963280   6.417199   -5.662058   14.354888   23.101915   1384454713.687524
34.108263998318378   -118.185103856609090   5.634523   -4.886732   12.604091   20.284284   1384454714.724583
34.108310567004331   -118.185149816227450   4.666465   -3.650986   10.438602   16.799273   1384454715.695639
34.108346656408855   -118.185184112807560   3.275344   -2.666660   7.326748   11.791239   1384454716.680695
34.108369805436055   -118.185202886419630   1.809192   -0.766358   4.047054   6.513091   1384454717.713754
34.108379496006435   -118.185208749768440   0.402183   -0.186878   0.899658   1.447857   1384454718.694810
34.108381874683289   -118.185212128989650   0.188318   -0.093193   0.421257   0.677946   1384454719.682867
34.108381874683289   -118.185212128989650   0.017180   -0.003269   0.038431   0.061848   1384454720.717926
34.108381874683289   -118.185212128989650   0.126584   -0.075174   0.283160   0.455701   1384454721.692982
34.108381874683289   -118.185212128989650   0.374106   -0.160600   0.836853   1.346782   1384454722.722040
34.108387988712330   -118.185216212167730   0.830875   -0.303845   1.858618   2.991151   1384454723.701097
34.108401264262703   -118.185221973819790   2.065771   -0.357037   4.621005   7.436775   1384454724.680152
34.108426840449866   -118.185221620408610   3.809562   0.753020   8.521762   13.714423   1384454725.695211
34.108467469362822   -118.185203857395390   5.318427   2.666334   11.897001   19.146336   1384454726.675267
34.108522748783805   -118.185170930518590   7.017917   3.503394   15.698659   25.264500   1384454727.702325
34.108593867446167   -118.185130067042850   8.725388   4.046399   19.518168   31.411395   1384454728.684382
34.108680507855993   -118.185085373314010   10.411952   4.231801   23.290912   37.483027   1384454729.722441
34.108781727095852   -118.185038467002500   11.919690   4.515646   26.663632   42.910884   1384454730.704497
34.108896213916289   -118.184989552400880   13.431746   4.472258   30.046011   48.354287   1384454731.687553
34.109025303912780   -118.184944910527210   14.951762   3.816718   33.446195   53.826344   1384454732.721613
34.109168310094333   -118.184906655786260   16.481192   3.316685   36.867437   59.332290   1384454733.705669
34.109322512101102   -118.184873794037870   17.454706   2.816925   39.045130   62.836942   1384454734.688725
34.109484540478462   -118.184844339750470   18.232777   2.717017   40.785627   65.637996   1384454735.696783
34.109651596312716   -118.184815944017300   18.586906   2.587763   41.577794   66.912863   1384454736.683839
34.109820842659460   -118.184785319010090   18.753630   3.065813   41.950744   67.513067   1384454737.716898
34.109991525406144   -118.184749075121360   18.795521   3.655379   42.044452   67.663875   1384454738.704955
34.110161312951654   -118.184704232712050   18.651960   4.637936   41.723316   67.147057   1384454739.692011
34.110328762887953   -118.184647394582130   18.312128   5.839332   40.963132   65.923661   1384454740.726070
34.110491442034125   -118.184574310796440   17.673943   7.618450   39.535549   63.626193   1384454741.704126
34.110648498907501   -118.184483875850740   17.141247   8.995816   38.343941   61.708488   1384454742.685182
34.110799906418542   -118.184378036573340   16.365648   10.488641   36.608973   58.916334   1384454743.715241
34.110942731848425   -118.184254321262390   15.338420   12.313997   34.311125   55.218312   1384454744.693297
34.111071517070101   -118.184110821105630   13.164620   14.021372   31.364968   50.476939   1384454745.693354
34.111181224657599   -118.183951035792210   11.028950   15.157149   33.905634   54.565738   1384454746.726414
34.111271968878029   -118.183780324266050   9.026183   15.950975   35.681375   57.423512   1384454747.708470
34.111344943397896   -118.183602283022220   7.183027   16.425350   36.742523   59.131261   1384454748.692526
34.111400660863083   -118.183418737730620   5.131962   17.001299   38.030886   61.204676   1384454749.677582
34.111439622590161   -118.183229071821060   3.414228   17.528103   39.209314   63.101170   1384454750.710641
34.111462455550345   -118.183034984368360   1.650186   17.811333   39.842883   64.120798   1384454751.693698
34.111468636817754   -118.182838628287780   -0.207801   17.998949   40.262569   64.796217   1384454752.726757
34.111454448574321   -118.182642915214330   -2.828304   17.924074   40.095078   64.526667   1384454753.709813
34.111418350101843   -118.182448894215090   -4.971458   17.755514   39.718020   63.919851   1384454754.691869
34.111366734020969   -118.182255515011120   -6.134190   17.756893   39.721105   63.924815   1384454755.700927
34.111307610656844   -118.182060224207790   -6.610414   18.078598   40.440739   65.082953   1384454756.678983
34.111247994492786   -118.181860275373920   -6.312347   18.648619   41.715841   67.135027   1384454757.712042
34.111192394391729   -118.181654203942840   -5.719813   19.258516   43.080145   69.330659   1384454758.691098
34.111144087956021   -118.181441266773330   -4.749193   19.805487   44.303685   71.299752   1384454759.678154
34.111107273662022   -118.181223739108280   -3.157969   20.019461   44.782332   72.070058   1384454760.709213
34.111086257013184   -118.181002990810880   -1.271591   20.372705   45.572520   73.341740   1384454761.688269
34.111083893308255   -118.180779828268850   1.013006   20.494789   45.845614   73.781241   1384454762.675326
34.111099336873863   -118.180556422313150   2.589301   20.454023   45.754423   73.634484   1384454763.703384
34.111128282193221   -118.180334740150530   3.766803   20.347391   45.515893   73.250608   1384454764.684441
34.111172611759280   -118.180115709127760   5.986142   20.053511   44.858500   72.192638   1384454765.697499
34.111234956895274   -118.179899793528120   7.618556   19.593056   43.828490   70.535001   1384454766.676554
34.111310922436395   -118.179688833914940   9.048891   19.128597   42.789524   68.862950   1384454767.704613
34.111396929142039   -118.179482239059380   9.819061   18.865692   42.201421   67.916492   1384454768.686670
34.111487675979454   -118.179277560563280   10.128404   18.769102   41.985355   67.568768   1384454769.715728
34.111578751096410   -118.179073650747000   9.966076   18.707169   41.846814   67.345807   1384454770.698785
34.111668799818581   -118.178871833279660   9.840364   18.443962   41.258037   66.398264   1384454771.678841
34.111759028532497   -118.178674408423050   10.117071   17.851376   39.932456   64.264952   1384454772.707900
34.111854799935529   -118.178486198939610   11.076217   16.823460   37.633070   60.564455   1384454773.686956
34.111958421982465   -118.178307286575770   11.834444   16.159899   36.148724   58.175636   1384454774.715014
34.112067504148214   -118.178134528714370   12.429802   15.671659   35.056562   56.417974   1384454775.695071
34.112180911949707   -118.177965433514440   12.763902   15.534130   34.748917   55.922868   1384454776.675126
34.112297558688653   -118.177796171763570   13.066739   15.718695   35.161777   56.587301   1384454777.703185
34.112416946324565   -118.177623843874000   13.410955   16.081057   35.972359   57.891804   1384454778.681241
34.112539550598520   -118.177447798848180   13.726758   16.455116   36.809108   59.238419   1384454779.712300
34.112664356506507   -118.177266356713060   13.934595   17.042871   38.123881   61.354337   1384454780.690356
34.112791056560440   -118.177080367304710   14.203822   17.289093   38.674664   62.240735   1384454781.719415
34.112923231827658   -118.176889378663940   15.139202   17.982986   40.226862   64.738751   1384454782.695471
34.113053512965912   -118.176691084789640   13.637761   18.405581   41.172179   66.260090   1384454783.716529
34.113174291481648   -118.176487286653630   12.305194   19.044945   42.602399   68.561801   1384454784.691585
34.113279956553043   -118.176276573172770   10.577697   19.739225   44.155463   71.061211   1384454785.698643
34.113369427243384   -118.176059173149510   8.887679   20.301416   45.413050   73.085099   1384454786.682699
34.113447196495152   -118.175839131468210   8.147006   20.275904   45.355980   72.993253   1384454787.715758
34.113519114584065   -118.175619356297390   7.692208   20.206511   45.200752   72.743438   1384454788.699814
34.113587772409460   -118.175401407275670   7.469516   19.989195   44.714630   71.961102   1384454789.737874
34.113654873853115   -118.175184602879030   7.439081   19.946981   44.620201   71.809133   1384454790.721930
34.113722383992418   -118.174968531145510   7.568467   19.863848   44.434236   71.509852   1384454791.705986
34.113790854622486   -118.174752584214270   7.720176   19.893278   44.500070   71.615801   1384454792.689042
34.113861817821437   -118.174536863883390   8.173062   19.833529   44.366413   71.400703   1384454793.726102
34.113938471732787   -118.174322041471870   9.021817   19.772802   44.230572   71.182088   1384454794.709158
34.114024307855722   -118.174108381266560   10.247405   19.603096   43.850950   70.571146   1384454795.708215
34.114121937776211   -118.173897311870850   11.514528   19.282772   43.134404   69.417979   1384454796.691271
34.114232311094959   -118.173690663964220   13.049300   18.809198   42.075048   67.713114   1384454797.724330
34.114354681935517   -118.173488708853370   14.271145   18.378866   41.112421   66.163918   1384454798.713387
34.114488543563603   -118.173291258269590   15.320743   18.082355   40.449144   65.096480   1384454799.718444
34.114631381130479   -118.173096317059900   16.100410   17.984016   40.229166   64.742459   1384454800.704501
34.114779325955936   -118.172901615454680   16.533892   18.025215   40.321325   64.890775   1384454801.687557
34.114929634952880   -118.172705910660350   16.622950   18.154366   40.610226   65.355716   1384454802.720616
34.115079908078769   -118.172508802748740   16.661516   18.256601   40.838922   65.723765   1384454803.704672
34.115230339324818   -118.172310766804960   16.707907   18.337563   41.020027   66.015225   1384454804.691729
34.115381679557650   -118.172112105489530   16.752810   18.452745   41.277684   66.429884   1384454805.708787
34.115534004723990   -118.171912549015970   16.912218   18.466715   41.308933   66.480173   1384454806.693843
34.115685512702740   -118.171712996868070   16.643663   18.381739   41.118846   66.174259   1384454807.730903
34.115834810802504   -118.171515055183750   16.471743   18.171467   40.648481   65.417281   1384454808.716959
34.115983270229520   -118.171319201414010   16.482641   17.960514   40.176592   64.657851   1384454809.705016
34.116131804343254   -118.171124312119690   16.530655   17.999472   40.263738   64.798098   1384454810.696072
34.116281296736162   -118.170928373674260   16.622410   18.195984   40.703324   65.505542   1384454811.736132
34.116430960463134   -118.170730639578180   16.696293   18.308027   40.953959   65.908898   1384454812.723188
34.116581567973348   -118.170532128197380   16.821981   18.341579   41.029013   66.029686   1384454813.710245
34.116733127245823   -118.170332670345760   16.793550   18.445940   41.262461   66.405384   1384454814.696301
34.116884125059933   -118.170132969381910   16.700933   18.430674   41.228311   66.350425   1384454815.709359
34.117034887370522   -118.169933602294630   16.699837   18.412367   41.187360   66.284521   1384454816.695416
34.117182838128841   -118.169731190253200   16.055815   18.949757   42.389469   68.219124   1384454817.733475
34.117323382125853   -118.169521176718130   15.072796   19.781872   44.250860   71.214738   1384454818.719531
34.117449430603024   -118.169299044223390   12.780862   21.199209   47.421359   76.317153   1384454819.707588
34.117553286114777   -118.169061588329730   10.180495   22.539881   50.420361   81.143571   1384454820.694644
34.117632386918160   -118.168810012718230   7.322856   23.754286   53.136912   85.515429   1384454821.731704
34.117694387790806   -118.168549731780400   6.506361   24.093782   53.896346   86.737617   1384454822.722760
34.117752286199682   -118.168284693001470   6.465966   24.535927   54.885396   88.329337   1384454823.709817
34.117809305260856   -118.168014801252850   6.552850   24.886248   55.669043   89.590491   1384454824.695873
34.117867570364737   -118.167740814974550   6.739619   25.322874   56.645750   91.162347   1384454825.709931
34.117927124791194   -118.167462321911960   6.842178   25.689243   57.465296   92.481276   1384454826.695988
34.117987489680182   -118.167179959726470   6.873643   26.079206   58.337620   93.885143   1384454827.733047
34.118047993853580   -118.166894396155670   6.934142   26.322906   58.882762   94.762463   1384454828.718103
34.118108606303416   -118.166606668345540   7.069484   26.462072   59.194068   95.263461   1384454829.706160
34.118170111993471   -118.166317792795550   7.072174   26.589296   59.478661   95.721467   1384454830.693216
34.118231603243871   -118.166027360863640   7.030513   26.749041   59.835999   96.296546   1384454831.730275
34.118293843837485   -118.165737557319960   6.897274   26.572546   59.441191   95.661166   1384454832.716332
34.118348562868157   -118.165449436829150   5.316071   26.445301   59.156552   95.203084   1384454833.703388
34.118401906023486   -118.165165233865840   6.514676   25.950247   58.049145   93.420889   1384454834.681444
34.118460116725913   -118.164887152366620   6.394486   25.310146   56.617279   91.116527   1384454835.695502
34.118518494840423   -118.164615617951600   6.543077   24.661612   55.166545   88.781802   1384454836.733562
34.118576956955245   -118.164351331103730   6.349295   24.029354   53.752223   86.505675   1384454837.719618
34.118634003236870   -118.164093438794280   6.247733   23.438070   52.429557   84.377053   1384454838.702674
34.118689893727769   -118.163840680369960   5.963140   22.959084   51.358092   82.652701   1384454839.689731
34.118743485260993   -118.163593845685540   5.818965   22.463102   50.248612   80.867168   1384454840.720790
34.118795508235017   -118.163356254031850   5.651360   21.319242   47.689866   76.749273   1384454841.699846
34.118853445824016   -118.163133562707070   7.197648   19.759460   44.200727   71.134058   1384454842.687902
34.118907417304811   -118.162922724391010   4.895400   19.190475   42.927942   69.085712   1384454843.713961
34.118949358687814   -118.162721854827810   4.495621   18.002584   40.270701   64.809304   1384454844.699017
34.118988283976798   -118.162529491915610   4.217163   17.625582   39.427369   63.452094   1384454845.710075
34.119020657037382   -118.162340417790080   3.059843   17.377085   38.871496   62.557505   1384454846.692131
34.119044552310733   -118.162154159738050   2.332931   17.085663   38.219603   61.508386   1384454847.726190
34.119064475932745   -118.161971798098830   2.201224   16.604721   37.143765   59.776996   1384454848.705246
34.119082363094591   -118.161796283800380   1.928293   15.854257   35.465021   57.075324   1384454849.684302
34.119095927514387   -118.161628138743400   1.332476   15.196914   33.994584   54.708889   1384454850.717362
34.119103642516002   -118.161468917515790   0.587346   14.345127   32.089189   51.642458   1384454851.700418
34.119107388886881   -118.161318232594740   0.337293   13.648168   30.530132   49.133403   1384454852.685474
34.119106722452834   -118.161171405556420   -0.390318   13.549482   30.309379   48.778136   1384454853.726533
34.119099824939418   -118.161027070915910   -1.069106   13.115116   29.337728   47.214418   1384454854.713590
34.119088509958345   -118.160890580873100   -1.257067   12.091437   27.047820   43.529174   1384454855.705647
34.119075542351943   -118.160769412632290   -1.410920   10.211841   22.843275   36.762626   1384454856.696703
34.119064587787044   -118.160672951961350   -0.785758   7.464043   16.696617   26.870555   1384454857.732763
34.119058185678149   -118.160603422133410   -0.234121   5.347199   11.961363   19.249916   1384454858.737820
34.119058432284454   -118.160549361604280   0.705881   4.745023   10.614332   17.082084   1384454859.724877
34.119068970965259   -118.160503569719650   2.146953   3.829868   8.567186   13.787526   1384454860.723934
34.119097549764440   -118.160470043987660   4.567414   2.500733   10.217032   16.442691   1384454861.707990
34.119142803647478   -118.160458552352750   5.493103   -0.020305   12.287741   19.775169   1384454862.690046
34.119192842130808   -118.160467187057220   5.524778   -1.183651   12.358597   19.889200   1384454863.727106
34.119241149250669   -118.160480882433210   4.999350   -0.767335   11.183245   17.997659   1384454864.719162
34.119281698984501   -118.160488989327120   3.902517   -0.254462   8.729697   14.049062   1384454865.714219
34.119307645424605   -118.160493773238570   1.868559   -0.106847   4.179855   6.726813   1384454866.700276
34.119317311626808   -118.160496693078850   0.492221   0.028445   1.101068   1.771995   1384454867.683332
34.119318557254488   -118.160498554111170   -0.049734   0.003354   0.111252   0.179042   1384454868.718391
34.119318557254488   -118.160498554111170   -0.053310   0.007601   0.119251   0.191915   1384454869.707448
34.119318557254488   -118.160498554111170   -0.031363   0.055845   0.124921   0.201041   1384454870.691504
34.119318557254488   -118.160498554111170   -0.050350   0.034890   0.112631   0.181261   1384454871.723563
34.119318557254488   -118.160498554111170   -0.023227   -0.002643   0.051957   0.083616   1384454872.705619
34.119318557254488   -118.160498554111170   -0.086772   -0.033983   0.194103   0.312378   1384454873.682675
34.119318557254488   -118.160498554111170   -0.052356   0.179901   0.402428   0.647643   1384454874.711734
34.119318557254488   -118.160498554111170   -0.020737   -0.011123   0.046388   0.074654   1384454875.711791
34.119318557254488   -118.160498554111170   -0.011575   -0.006401   0.025893   0.041671   1384454876.702848
34.119318557254488   -118.160498554111170   -0.052844   0.004654   0.118208   0.190237   1384454877.682904
34.119318557254488   -118.160498554111170   -0.014281   -0.044837   0.100298   0.161414   1384454878.686961
34.119318557254488   -118.160498554111170   0.010432   0.016127   0.036075   0.058057   1384454879.708020
34.119318557254488   -118.160498554111170   -0.025414   -0.003509   0.056848   0.091489   1384454880.689076
34.119318557254488   -118.160498554111170   -0.052447   0.001155   0.117321   0.188809   1384454881.711134
34.119318557254488   -118.160498554111170   -0.013026   0.005274   0.029139   0.046895   1384454882.694191
34.119318557254488   -118.160498554111170   0.010462   -0.010170   0.023403   0.037664   1384454883.715249
34.119318557254488   -118.160498554111170   2.387003   -0.176223   5.339583   8.593211   1384454884.695305
34.119348060306237   -118.160506494733000   3.920121   -0.755033   8.769076   14.112437   1384454885.710363
34.119383093985562   -118.160522725143180   3.616648   -2.020444   8.090224   13.019933   1384454886.692419
34.119413032099359   -118.160555892854700   2.880271   -3.937812   8.808649   14.176124   1384454887.721478
34.119430564732241   -118.160609507212900   0.923657   -5.961602   13.335745   21.461766   1384454888.698534
34.119435294486031   -118.160686650696110   0.026205   -8.236814   18.425260   29.652532   1384454889.731593
34.119434779205285   -118.160786458485210   -0.241662   -10.088995   22.568476   36.320382   1384454890.726650
34.119432982596749   -118.160905870628130   -0.193146   -11.881316   26.577791   42.772738   1384454891.709706
34.119429949759351   -118.161041544412970   -0.510352   -13.051332   29.195046   46.984793   1384454892.690762
34.119422952596572   -118.161192853799120   -1.041320   -14.684367   32.848048   52.863722   1384454893.719821
34.119410912433260   -118.161356882705500   -1.568959   -15.335584   34.304781   55.208101   1384454894.697877
34.119392936255679   -118.161529053384580   -2.326756   -16.169365   36.169899   58.209714   1384454895.708935
34.119367551521641   -118.161708114403450   -3.066209   -16.708820   37.376629   60.151753   1384454896.695991
34.119334837323954   -118.161893039101400   -3.995158   -17.254644   38.597604   62.116720   1384454897.728050
34.119293810965296   -118.162081996435620   -5.009352   -17.487280   39.117996   62.954208   1384454898.706106
34.119243785637117   -118.162273264338180   -5.847996   -17.740707   39.684898   63.866547   1384454899.688162
34.119188349156921   -118.162469029717770   -6.238618   -18.305641   40.948621   65.900308   1384454900.734222
34.119131419163523   -118.162670588910340   -6.173900   -18.716949   41.868693   67.381018   1384454901.717279
34.119077141505215   -118.162876524417850   -5.727556   -19.255684   43.073810   69.320462   1384454902.711335
34.119028973617034   -118.163088891284940   -4.737457   -19.912210   44.542420   71.683958   1384454903.684391
34.118982917665612   -118.163305560445140   -5.354373   -20.086321   44.931895   72.310755   1384454904.709450
34.118933078518353   -118.163524897291200   -5.354402   -20.350868   45.523671   73.263126   1384454905.701506
34.118883122151338   -118.163746819997230   -5.286556   -20.641699   46.174242   74.310116   1384454906.676562
34.118833720090720   -118.163971184458530   -5.394886   -20.676350   46.251754   74.434859   1384454907.713621
34.118784096340818   -118.164194948630470   -5.339948   -20.622667   46.131669   74.241602   1384454908.701678
34.118735225536497   -118.164417081477200   -5.237741   -20.360373   45.544932   73.297341   1384454909.682734
34.118686769477868   -118.164640635195000   -5.370440   -20.908756   46.771633   75.271523   1384454910.738794
34.118636453550401   -118.164871596793960   -5.716084   -21.685823   48.509886   78.068964   1384454911.713850
34.118584701906279   -118.165111725330220   -5.753884   -22.418283   50.148355   80.705820   1384454912.690906
34.118529098490967   -118.165352672915390   -6.508260   -22.031048   49.282132   79.311772   1384454913.722965
34.118472746693477   -118.165592602268050   -5.847522   -21.983870   49.176597   79.141930   1384454914.709022
34.118419575175430   -118.165835293179640   -5.774677   -22.350010   49.995631   80.460036   1384454915.711079
34.118366558786029   -118.166080810683010   -5.986475   -22.344757   49.983881   80.441125   1384454916.694135
34.118312904530868   -118.166327243950950   -5.943231   -22.664400   50.698903   81.591840   1384454917.726194
34.118258878550634   -118.166575485594190   -5.966082   -22.947083   51.331247   82.609497   1384454918.705250
34.118205129151740   -118.166826459352960   -5.916036   -23.121557   51.721536   83.237606   1384454919.690306
34.118151450456672   -118.167079324929720   -5.970278   -23.256008   52.022295   83.721629   1384454920.717365
34.118096755210644   -118.167335766320700   -6.149923   -23.747345   53.121386   85.490442   1384454921.702421
34.118039538152722   -118.167598056327280   -6.360259   -24.336798   54.439956   87.612472   1384454922.684478
34.117981937600078   -118.167865005359330   -6.307533   -24.556684   54.931830   88.404064   1384454923.724537
34.117924673555528   -118.168131854280620   -6.304681   -24.459972   54.715491   88.055901   1384454924.706593
34.117867629975919   -118.168396513834890   -6.352429   -24.283020   54.319659   87.418872   1384454925.704650
34.117809614355906   -118.168658304169200   -6.580540   -23.992516   53.669818   86.373056   1384454926.683706
34.117746147769722   -118.168915085415550   -7.669322   -23.420071   52.389293   84.312254   1384454927.715766
34.117667939451621   -118.169163518324030   -9.785976   -22.493792   50.317262   80.977650   1384454928.702822
34.117570897821182   -118.169401426409180   -11.794581   -21.416327   47.907037   77.098775   1384454929.685878
34.117456082454417   -118.169628813523800   -13.751935   -20.597677   46.075768   74.151638   1384454930.718937
34.117322276930878   -118.169845873261170   -15.968020   -19.380993   43.354118   69.771574   1384454931.699993
34.117172876396602   -118.170054856445970   -17.166178   -19.076113   42.672120   68.674006   1384454932.728052
34.117015356186045   -118.170263492786230   -17.674471   -19.273748   43.114219   69.385494   1384454933.709108
34.116854038326217   -118.170476235730500   -18.061535   -19.857841   44.420800   71.488229   1384454934.693165
34.116689950534614   -118.170694335208110   -18.288357   -20.270845   45.344665   72.975043   1384454935.712223
34.116524369676945   -118.170913395746610   -18.321726   -20.064173   44.882351   72.231022   1384454936.690279
34.116359169135151   -118.171130506071410   -18.173241   -19.909454   44.536255   71.674036   1384454937.720338
34.116195989490087   -118.171345865448460   -17.821375   -19.770329   44.225039   71.173183   1384454938.717395
34.116035126698193   -118.171558691676880   -17.623987   -19.462805   43.537127   70.066097   1384454939.699451
34.115875981868662   -118.171768232280940   -17.439480   -19.213093   42.978536   69.167134   1384454940.732510
34.115717947962793   -118.171976059435510   -17.449903   -19.158058   42.855427   68.969009   1384454941.713566
34.115559555348156   -118.172183698747110   -17.599014   -19.217844   42.989164   69.184238   1384454942.691622
34.115400357109358   -118.172391989374490   -17.676582   -19.338249   43.258503   69.617697   1384454943.719681
34.115240539100952   -118.172601508838850   -17.836138   -19.448530   43.505195   70.014709   1384454944.712738
34.115078873516211   -118.172812419546180   -18.021255   -19.560293   43.755202   70.417056   1384454945.713795
34.114915878472232   -118.173024866677450   -18.101828   -19.745468   44.169428   71.083685   1384454946.696851
34.114753319086105   -118.173238742014250   -17.853025   -19.762526   44.207584   71.145092   1384454947.728910
34.114594716903113   -118.173453554603370   -17.256124   -19.869013   44.445790   71.528446   1384454948.708966
34.114444513483718   -118.173672492625640   -15.982272   -20.515213   45.891301   73.854767   1384454949.690022
34.114308092792022   -118.173900078851760   -14.240833   -21.413073   47.899759   77.087061   1384454950.719081
34.114186720390329   -118.174137852940280   -12.686299   -22.427771   50.169577   80.739974   1384454951.702138
34.114078344345621   -118.174385034802910   -11.475243   -23.210115   51.919636   83.556416   1384454952.735197
34.113981518614203   -118.174640490279900   -10.107260   -23.981321   53.644777   86.332757   1384454953.717253
34.113893366568952   -118.174901137758080   -9.454661   -24.316103   54.393663   87.537971   1384454954.701309
34.113809175470266   -118.175165143634980   -9.266525   -24.462887   54.722010   88.066393   1384454955.709367
34.113725281443259   -118.175430828691620   -9.340109   -24.579388   54.982615   88.485796   1384454956.686423
34.113641671590514   -118.175696246832490   -9.212724   -24.384115   54.545803   87.782815   1384454957.719482
34.113559037058742   -118.175958156012570   -9.145366   -23.929548   53.528964   86.146374   1384454958.702538
34.113476834391037   -118.176213893005550   -9.140390   -23.209938   51.919239   83.555777   1384454959.738597
34.113394187355333   -118.176461780421530   -9.317731   -22.449238   50.217598   80.817256   1384454960.720653
34.113305804583746   -118.176698864223330   -10.400212   -21.240482   47.513685   76.465736   1384454961.700709
34.113205947809220   -118.176923915694080   -11.954516   -20.322180   45.459497   73.159847   1384454962.729768
34.113091009602918   -118.177138164601000   -13.656283   -19.317377   43.211814   69.542558   1384454963.713825
34.112961985902061   -118.177343750201150   -15.045054   -18.652180   41.723807   67.147847   1384454964.691881
34.112818799990414   -118.177541136379820   -16.866808   -17.724577   39.648815   63.808477   1384454965.709939
34.112662900215788   -118.177728886405750   -17.787119   -16.884729   39.788718   64.033628   1384454966.687995
34.112502366401316   -118.177913787344950   -17.944637   -17.239977   40.141077   64.600694   1384454967.712053
34.112344005189421   -118.178104162379040   -17.283907   -17.822088   39.866942   64.159518   1384454968.686109
34.112191983938786   -118.178302379723290   -16.486832   -18.742390   41.925601   67.472603   1384454969.710167
34.112050507665977   -118.178513211503060   -14.861123   -20.202879   45.192628   72.730364   1384454970.689223
34.111923448909216   -118.178738282258580   -13.277452   -21.376656   47.818296   76.955960   1384454971.718282
34.111808919173050   -118.178972585483010   -12.072502   -21.977789   49.162995   79.120040   1384454972.692338
34.111702220645576   -118.179210091815210   -11.508674   -21.875830   48.934918   78.752987   1384454973.721397
34.111599516409484   -118.179444313873560   -11.175645   -21.395876   47.861291   77.025153   1384454974.695453
34.111500304341305   -118.179673250858700   -10.745397   -20.887735   46.724611   75.195847   1384454975.703510
34.111409430751451   -118.179896870266110   -9.304693   -20.400480   45.634650   73.441729   1384454976.672566
34.111334679182882   -118.180117004411850   -7.172393   -20.299053   45.407764   73.076591   1384454977.693624
34.111278771776419   -118.180336019387640   -5.243189   -20.234869   45.264188   72.845528   1384454978.718683
34.111228167416691   -118.180560894771820   -6.065161   -21.210030   47.445564   76.356107   1384454979.698739
34.111194733539421   -118.180787240172170   -1.329532   -20.796696   46.520960   74.868105   1384454980.723797
34.111193668341997   -118.181010844691060   0.810565   -20.812254   46.555763   74.924114   1384454981.692853
34.111214031851993   -118.181234634554640   3.134937   -20.522966   45.908644   73.882679   1384454982.712911
34.111254612753484   -118.181455468633980   5.047235   -20.300749   45.411557   73.082696   1384454983.682967
34.111309094093407   -118.181676123856090   6.482560   -20.226755   45.246038   72.816319   1384454984.712025
34.111374123661967   -118.181895895952640   7.063309   -20.425375   45.690338   73.531350   1384454985.709083
34.111442871898674   -118.182118502150930   7.194733   -20.835299   46.607313   75.007075   1384454986.687138
34.111507176830422   -118.182346110605050   6.208176   -21.286501   47.616625   76.631403   1384454987.710197
34.111557618990176   -118.182580554660630   4.267705   -22.023855   49.266043   79.285879   1384454988.683253
34.111584911018888   -118.182823336929930   1.265932   -22.808537   51.021328   82.110732   1384454989.711311
34.111583689878330   -118.183072151001470   -1.959621   -23.204979   51.908146   83.537924   1384454990.695368
34.111555268028177   -118.183321747519490   -4.759089   -23.015425   51.484124   82.855529   1384454991.731427
34.111500478659607   -118.183566750240270   -7.556097   -22.209345   49.680972   79.953642   1384454992.719484
34.111421010776063   -118.183802035778020   -10.155237   -21.261635   47.561001   76.541885   1384454993.701540
34.111319079849849   -118.184024437688520   -12.532674   -19.862940   44.432205   71.506583   1384454994.725598
34.111197114224268   -118.184230078489070   -14.561047   -18.149004   40.598233   65.336414   1384454995.707655
34.111057757107524   -118.184415002950910   -16.462421   -16.051931   36.825449   59.264717   1384454996.681710
34.110900136864473   -118.184575932611890   -18.512165   -13.652592   41.410603   66.643794   1384454997.705769
34.110728933274693   -118.184709226575490   -19.451044   -10.941915   43.510819   70.023759   1384454998.685825
34.110547961943922   -118.184814027333260   -20.721722   -8.473134   46.353248   74.598198   1384454999.705883
34.110357254932119   -118.184890449890520   -21.574764   -5.881754   48.261453   77.669151   1384455000.675939
34.110159675522915   -118.184940119333330   -22.295774   -3.594864   49.874310   80.264788   1384455001.690997
34.109956115867007   -118.184974673555890   -22.705856   -3.164157   50.791638   81.741083   1384455002.716055
34.109750143573962   -118.185006050799520   -22.834190   -2.999066   51.078714   82.203085   1384455003.690111
34.109544288720009   -118.185038714651160   -22.682327   -3.403464   50.739005   81.656378   1384455004.711169
34.109338678522846   -118.185077761227590   -22.568115   -4.134469   50.483520   81.245215   1384455005.706226
34.109137406110243   -118.185129001855430   -22.038826   -5.538622   49.299531   79.339774   1384455006.672282
34.108941139927886   -118.185199345688900   -21.484182   -7.719768   48.058827   77.343056   1384455007.693340
34.108751208954523   -118.185293836455330   -20.560946   -10.011519   45.993601   74.019404   1384455008.711398
34.108568785877914   -118.185414413497030   -19.819763   -12.390283   44.335621   71.351147   1384455009.676453
34.108395479103720   -118.185560389351590   -18.517599   -14.651396   41.422758   66.663357   1384455010.696512
34.108231415601566   -118.185725064678490   -17.786367   -15.699412   39.787037   64.030923   1384455011.717570
34.108071859539180   -118.185896991925840   -17.520521   -15.875418   39.192355   63.073876   1384455012.687626
34.107915627349598   -118.186067854186750   -17.059591   -15.529361   38.161282   61.414529   1384455013.712684
34.107766564232307   -118.186232705537260   -16.075375   -14.810769   35.959648   57.871349   1384455014.681740
34.107631392344501   -118.186387833908870   -14.208083   -13.523610   31.782630   51.149099   1384455015.701798
34.107511880627030   -118.186528080238360   -12.536515   -12.230814   28.043432   45.131455   1384455016.721856
34.107406544566537   -118.186652993162990   -11.046464   -10.841451   24.710277   39.767270   1384455017.695912
34.107314759459527   -118.186761298976790   -9.345867   -9.283673   20.906144   33.645122   1384455018.724971
34.107241600416707   -118.186849769746320   -7.042025   -7.222742   16.156840   26.001870   1384455019.704027
34.107188390890023   -118.186915554014940   -4.895129   -5.110796   11.432545   18.398867   1384455020.733086
34.107153651928463   -118.186960599736570   -2.864854   -3.488623   7.803841   12.559043   1384455021.717142
34.107135809011318   -118.186995396900120   -1.114530   -3.471872   7.766369   12.498739   1384455022.695198
34.107135681096445   -118.187030644705890   0.979391   -3.509786   7.851180   12.635228   1384455023.725257
34.107155734535269   -118.187070289306320   3.224811   -4.114511   9.203914   14.812240   1384455024.706313
34.107195162826272   -118.187114667146400   5.195485   -4.369979   11.621987   18.703745   1384455025.717371
34.107248295290134   -118.187163946264220   6.140755   -4.916828   13.736501   22.106719   1384455026.698427
34.107311215481715   -118.187221456414560   7.370492   -5.744380   16.487349   26.533773   1384455027.727486
34.107383286330553   -118.187286644548810   8.160428   -6.292982   18.254388   29.377541   1384455028.703542
34.107462292302266   -118.187355076892370   8.762938   -6.362070   19.602168   31.546579   1384455029.728600
34.107545240168101   -118.187422851284040   9.054881   -6.136590   20.255226   32.597572   1384455030.704656
34.107626833776649   -118.187483299076350   8.492360   -4.841415   18.996900   30.572496   1384455031.759717
34.107699029538949   -118.187526177955680   7.163288   -3.065434   16.023845   25.787836   1384455032.693770
34.107757451230555   -118.187548375416970   5.392696   -1.020482   12.063138   19.413707   1384455033.729829
34.107796722775319   -118.187553034605220   2.906265   -0.037648   6.501140   10.462553   1384455034.712885
34.107814870852437   -118.187551469843160   0.829995   0.082507   1.856650   2.987983   1384455035.726943
34.107828504512533   -118.187549808827820   1.934411   0.027300   4.327161   6.963879   1384455036.708999
34.107852734994339   -118.187541824986380   3.280684   1.317083   7.338694   11.810463   1384455037.686055
34.107883279644810   -118.187518717831240   3.526201   2.785440   7.887901   12.694325   1384455038.721115
34.107914705181777   -118.187476503752280   3.579020   4.793798   10.723439   17.257674   1384455039.703171
34.107944075812085   -118.187411620118620   3.045347   6.926189   15.493469   24.934280   1384455040.743230
34.107968614930378   -118.187323859006530   2.681035   9.052981   20.250976   32.590733   1384455041.744288
34.107990637806829   -118.187221248130310   2.493540   9.673323   21.638642   34.823962   1384455042.724344
34.108008354653940   -118.187113648459430   2.082865   9.287665   20.775950   33.435595   1384455043.701400
34.108026617896108   -118.187012961895650   1.983092   9.046699   20.236922   32.568115   1384455044.734459
34.108043643510122   -118.186918354925080   1.800646   8.165070   18.264771   29.394250   1384455045.716515
34.108057983273106   -118.186833828964670   1.421515   7.089872   15.859618   25.523539   1384455046.699571
34.108067739059123   -118.186759028773760   0.842467   6.329792   14.159366   22.787253   1384455047.731630
34.108074129771012   -118.186696439150500   0.654072   4.853089   10.856069   17.471120   1384455048.715686
34.108079309192142   -118.186652969805370   0.451035   2.738219   6.125231   9.857588   1384455049.698742
34.108081725379442   -118.186633132134180   0.037838   0.625548   1.399312   2.251971   1384455050.726801
34.108082969353070   -118.186622558714320   0.130010   1.124499   2.515438   4.048198   1384455051.704857
34.108086982455333   -118.186599606637780   0.603801   2.936157   6.568008   10.570167   1384455052.701914
34.108088027220610   -118.186559214507610   -0.425705   4.282888   9.580564   15.418398   1384455053.733973
34.108072298738442   -118.186509319545550   -3.089310   4.764086   10.656974   17.150709   1384455054.718030
34.108034273754804   -118.186457348054450   -5.435634   4.732077   12.159186   19.568281   1384455055.729087
34.107977842170030   -118.186401642056070   -7.123101   5.497397   15.933950   25.643164   1384455056.707143
34.107908057960671   -118.186337064342960   -8.331576   6.327260   18.637236   29.993675   1384455057.685199
34.107829585696017   -118.186265872327480   -9.034317   6.696126   20.209225   32.523541   1384455058.718258
34.107745014769996   -118.186190243268480   -9.688239   7.094570   21.672010   34.877661   1384455059.700315
34.107655707422673   -118.186111819756970   -10.044859   7.220095   22.469747   36.161492   1384455060.733374
34.107562903481636   -118.186031760315460   -10.428724   7.400867   23.328431   37.543407   1384455061.716430
34.107468184971410   -118.185950429002200   -10.490227   7.454274   23.466008   37.764816   1384455062.696486
34.107374181385261   -118.185868581315320   -10.355359   7.597256   23.164317   37.279293   1384455063.725545
34.107282417388262   -118.185784184090150   -9.991467   7.877274   22.350311   35.969279   1384455064.710601
34.107193542804204   -118.185697010518450   -9.733679   8.216273   21.773655   35.041244   1384455065.724659
34.107105420947072   -118.185610065374690   -9.866110   7.802118   22.069896   35.517995   1384455066.711716
34.107017138089049   -118.185527165431270   -9.832680   7.494941   21.995115   35.397647   1384455067.694772
34.106929420812392   -118.185447983495790   -9.701166   7.065252   21.700927   34.924198   1384455068.726831
34.106845782327063   -118.185374590985300   -8.815355   6.383873   19.719421   31.735279   1384455069.705887
34.106772719551735   -118.185310672424290   -7.337669   5.284925   16.413926   26.415610   1384455070.738946
34.106714921428519   -118.185257413763180   -5.411241   4.430960   12.104620   19.480466   1384455071.722002
34.106677821605430   -118.185208681842140   -2.796902   4.327445   9.680234   15.578800   1384455072.706059
34.106665492156104   -118.185163052280710   0.054532   3.987785   8.920436   14.356026   1384455073.739117
34.106675084471398   -118.185123479665220   2.127698   3.251210   7.272762   11.704356   1384455074.716173
34.106702676216457   -118.185084735758820   4.058892   3.853230   9.079498   14.612012   1384455075.720231
34.106744959895146   -118.185039132084040   5.370845   4.546180   12.014259   19.335043   1384455076.699287
34.106798267230801   -118.184989171932090   6.508296   4.638044   14.558668   23.429866   1384455077.731346
34.106862554757505   -118.184942413703450   7.745670   3.927073   17.326599   27.884411   1384455078.713402
34.106936033921507   -118.184903099510420   8.460454   3.275955   18.925528   30.457634   1384455079.697458
34.107015388927238   -118.184870863704750   8.937631   2.642433   19.992944   32.175470   1384455080.729517
34.107099506746920   -118.184844124626720   9.531257   2.249171   21.320849   34.312524   1384455081.713574
34.107189266664541   -118.184821383903880   10.181686   1.933039   22.775822   36.654071   1384455082.693630
34.107282340885469   -118.184802035453660   10.255252   1.692524   22.940383   36.918907   1384455083.716688
34.107378365116901   -118.184786085548350   10.781017   1.297607   24.116489   38.811662   1384455084.688744
34.107477085542634   -118.184773925808840   10.783481   0.994214   24.121999   38.820530   1384455085.712802
34.107574501190058   -118.184764977027460   10.435094   0.719118   23.342679   37.566338   1384455086.688858
34.107666596606364   -118.184759930632240   9.637603   0.263369   21.558739   34.695370   1384455087.710917
34.107752434244951   -118.184762562530030   9.186952   -0.678852   20.550660   33.073026   1384455088.688973
34.107835504517013   -118.184777945022400   8.964836   -2.003458   20.053801   32.273410   1384455089.712031
34.107915605099414   -118.184809438934250   8.658408   -3.689654   19.368340   31.170269   1384455090.679086
34.107995174203680   -118.184857458984250   8.877928   -5.059533   19.859392   31.960540   1384455091.700145
34.108074575109583   -118.184918998898480   8.611911   -6.280523   19.264328   31.002879   1384455092.728204
34.108148946826702   -118.184990326598310   7.736140   -6.654042   17.305282   27.850105   1384455093.704259
34.108214515573742   -118.185059293300950   6.684297   -5.926175   14.952370   24.063468   1384455094.725318
34.108269512634173   -118.185117761377610   5.435048   -4.711525   12.157877   19.566173   1384455095.713374
34.108312751433601   -118.185161189082550   4.122022   -3.232105   9.220715   14.839278   1384455096.690430
34.108343414302482   -118.185188255297450   2.627041   -1.642583   5.876532   9.457346   1384455097.724490
34.108362184456759   -118.185201599148610   1.482459   -0.697201   3.316173   5.336854   1384455098.706546
34.108368989888419   -118.185206746304660   0.113669   -0.053433   0.254272   0.409210   1384455099.735604
34.108368989888419   -118.185206746304660   0.047618   -0.017327   0.106519   0.171425   1384455100.711660
34.108368989888419   -118.185206746304660   0.013056   -0.059166   0.132352   0.212999   1384455101.683716
34.108368989888419   -118.185206746304660   0.066477   -0.056748   0.148706   0.239319   1384455102.702774
34.108368989888419   -118.185206746304660   0.448044   -0.157442   1.002247   1.612958   1384455103.723833
34.108375171966507   -118.185211704970000   1.060686   -0.585436   2.372691   3.818470   1384455104.697888
34.108395642104270   -118.185217169520340   3.440917   -0.362108   7.697126   12.387303   1384455105.721947
34.108436766610268   -118.185212202395120   5.680052   1.324750   12.705936   20.448188   1384455106.700003
34.108494753466061   -118.185187339713420   7.208438   3.389005   16.124843   25.950377   1384455107.724061
34.108568154526182   -118.185145846958730   9.105923   4.480042   20.369403   32.781322   1384455108.699117
34.108661604233234   -118.185093272043960   11.571259   5.339853   25.884213   41.656534   1384455109.727176
34.108775773239415   -118.185036360444930   13.671967   5.312548   30.583369   49.219080   1384455110.705232
34.108905787940486   -118.184980125275370   15.022351   5.060307   33.604098   54.080465   1384455111.733291
34.109049368124914   -118.184928990852530   16.625982   4.256611   37.191325   59.853536   1384455112.712347
34.109207037366218   -118.184887577253330   18.230316   3.365898   40.780123   65.629138   1384455113.689403
34.109375970955135   -118.184853359823390   19.121054   2.974383   42.772650   68.835793   1384455114.717461
34.109552774107996   -118.184822359821600   19.976622   2.751779   44.686504   71.915838   1384455115.717519
34.109737621750178   -118.184791081004250   20.831213   2.969167   46.598174   74.992367   1384455116.692574
34.109929110280838   -118.184753938238320   21.419178   3.870636   47.913416   77.109041   1384455117.721633
34.110124800329700   -118.184703541706470   21.845440   5.340484   48.866938   78.643584   1384455118.699689
34.110322011629592   -118.184636222826510   21.732355   6.917159   48.613974   78.236478   1384455119.731748
34.110516293370587   -118.184549352225630   21.193811   9.044162   47.409285   76.297721   1384455120.706804
34.110703168858485   -118.184438555882040   20.010075   11.304445   44.761336   72.036269   1384455121.729863
34.110877735197569   -118.184305982621270   18.602385   13.053607   41.612418   66.968584   1384455122.703918
34.111037189093103   -118.184151085614730   16.682938   15.413264   37.318730   60.058575   1384455123.727977
34.111174523632954   -118.183968825660880   13.703815   17.981627   40.223820   64.733855   1384455124.699032
34.111285088491030   -118.183760390621590   10.705362   19.921436   44.563058   71.717171   1384455125.730091
34.111369953543033   -118.183535646978160   8.108340   20.964748   46.896884   75.473094   1384455126.714148
34.111430394329361   -118.183300928263780   5.275666   21.845127   48.866239   78.642458   1384455127.696204
34.111463803562756   -118.183056733347530   2.282664   22.482981   50.293079   80.938731   1384455128.724263
34.111468324910931   -118.182809767590020   -1.028990   22.446436   50.211330   80.807169   1384455129.704319
34.111442980667867   -118.182569150667010   -4.402486   21.576843   48.266104   77.676636   1384455130.743378
34.111389298379798   -118.182339054172390   -7.206734   20.536180   45.938204   73.930250   1384455131.720434
34.111317755010582   -118.182119359934660   -8.350735   19.723099   44.119389   71.003156   1384455132.695490
34.111243090613506   -118.181907143286310   -7.870948   19.212706   42.977670   69.165740   1384455133.715548
34.111175860427963   -118.181700165962520   -6.707304   18.843784   42.152415   67.837624   1384455134.686604
34.111120812148826   -118.181498270224570   -5.138914   18.262739   40.852652   65.745861   1384455135.721663
34.111079729295149   -118.181301092689420   -3.622954   17.956865   40.168430   64.644715   1384455136.696719
34.111052920259816   -118.181109472491950   -2.098526   17.165234   38.397598   61.794841   1384455137.723777
34.111037498652223   -118.180930037901480   -1.105394   15.554296   34.794026   55.995464   1384455138.697833
34.111028796643218   -118.180771499380230   -0.678732   13.345910   29.854000   48.045276   1384455139.718891
34.111017791308697   -118.180637882429170   -1.602600   11.083601   24.793350   39.900964   1384455140.687947
34.110994153662126   -118.180522679042990   -3.575068   10.051419   22.484422   36.185109   1384455141.722006
34.110950231064876   -118.180420685183620   -6.187210   8.717843   19.501292   31.384235   1384455142.702062
34.110887083121305   -118.180332306024070   -7.840342   7.549290   17.538374   28.225230   1384455143.732121
34.110812269149086   -118.180251358091820   -8.824833   7.415666   19.740622   31.769398   1384455144.711177
34.110731784953401   -118.180173516081100   -9.069816   6.949625   20.288633   32.651336   1384455145.722235
34.110648913336242   -118.180100768109630   -9.324006   6.480958   20.857242   33.566422   1384455146.696291
34.110565422294719   -118.180033387079050   -9.163514   5.937046   20.498231   32.988651   1384455147.721349
34.110487943910108   -118.179968976003310   -7.997200   5.951639   17.889258   28.789922   1384455148.695405
34.110420482272424   -118.179900602638580   -6.962318   6.746947   15.574288   25.064345   1384455149.723464
34.110365319217387   -118.179822748136170   -5.242276   7.697838   17.219602   27.712218   1384455150.703520
34.110324878645869   -118.179735289513720   -3.631254   8.470482   18.947960   30.493735   1384455151.732579
34.110299503281261   -118.179639345496040   -1.850230   9.233105   20.653901   33.239177   1384455152.721635
34.110290147481841   -118.179535216947270   -0.031714   9.905849   22.158789   35.661055   1384455153.689690
34.110297878962058   -118.179424983810530   1.972523   10.430445   23.332279   37.549601   1384455154.709749
34.110318746042033   -118.179311845906410   2.833242   10.470922   23.422823   37.695317   1384455155.723807
34.110344398501887   -118.179196433661060   3.012508   10.865568   24.305624   39.116045   1384455156.697862
34.110372327837439   -118.179077670685330   3.219392   10.995514   24.596305   39.583850   1384455157.720921
34.110400328726044   -118.178964937751900   3.001081   9.966663   22.294828   35.879988   1384455158.700977
34.110426337769695   -118.178861304814990   2.803838   9.157172   20.484045   32.965820   1384455159.722035
34.110450760254203   -118.178763037277690   2.636938   8.962471   20.048510   32.264896   1384455160.693091
34.110474656812400   -118.178665724375690   2.600782   9.009253   20.153157   32.433309   1384455161.717150
34.110500712098819   -118.178566416302520   2.990483   9.355733   20.928213   33.680639   1384455162.696206
34.110528894793774   -118.178463711703190   3.091679   9.606017   21.488084   34.581662   1384455163.720264
34.110557570852855   -118.178359193558620   3.228580   9.778784   21.874553   35.203622   1384455164.691320
34.110586809345953   -118.178253425213980   3.210418   9.811617   21.947998   35.321821   1384455165.721379
34.110615339765182   -118.178146566612800   3.100525   9.980067   22.324812   35.928242   1384455166.696435
34.110642543403330   -118.178038885098530   2.941380   9.936365   22.227053   35.770914   1384455167.718493
34.110667918377501   -118.177930993099980   2.765560   10.001710   22.373225   36.006156   1384455168.687548
34.110692637081989   -118.177822970945230   2.795049   9.938430   22.231671   35.778347   1384455169.712607
34.110719051088083   -118.177716750842720   3.139163   9.706805   21.713541   34.944499   1384455170.687663
34.110744485899524   -118.177612233270100   2.577988   9.645308   21.575974   34.723107   1384455171.711721
34.110766126821559   -118.177510028930880   2.381890   9.254397   20.701532   33.315831   1384455172.692777
34.110786416591289   -118.177412619078650   2.259339   8.680843   19.418526   31.251036   1384455173.715836
34.110805709876871   -118.177324172112320   2.122887   7.594736   16.988969   27.341050   1384455174.684891
34.110822070079031   -118.177250402360540   1.588085   5.970049   13.354642   21.492178   1384455175.725951
34.110835987084840   -118.177190800446180   1.630154   4.881878   10.920468   17.574760   1384455176.703007
34.110847225868959   -118.177146777065020   0.893780   3.126090   6.992875   11.253922   1384455177.729065
34.110852534274670   -118.177123810391220   0.194068   1.064355   2.380898   3.831677   1384455178.701121
34.110853656137884   -118.177117534442190   -0.051461   0.039911   0.115115   0.185260   1384455179.723180
34.110853656137884   -118.177117534442190   -0.048403   0.055624   0.124428   0.200247   1384455180.696235
34.110853656137884   -118.177117534442190   -0.057070   0.031901   0.127662   0.205452   1384455181.722294
34.110853656137884   -118.177117534442190   0.006309   0.047984   0.107338   0.172743   1384455182.697350
34.110853656137884   -118.177117534442190   -0.084803   0.007166   0.189699   0.305291   1384455183.717408
34.110853656137884   -118.177117534442190   0.028104   0.020450   0.062868   0.101176   1384455184.682463
34.110853656137884   -118.177117534442190   0.127983   0.021856   0.286289   0.460737   1384455185.718522
34.110853656137884   -118.177117534442190   -0.010470   -0.000513   0.023420   0.037690   1384455186.690578
34.110853656137884   -118.177117534442190   -0.008567   0.032932   0.073667   0.118555   1384455187.710636
34.110853656137884   -118.177117534442190   -0.064104   -0.006336   0.143396   0.230774   1384455188.686692
34.110853656137884   -118.177117534442190   -0.105595   0.003311   0.236210   0.380143   1384455189.706750
34.110853656137884   -118.177117534442190   -0.003534   0.014109   0.031562   0.050794   1384455190.721808
34.110853656137884   -118.177117534442190   -0.041513   0.034585   0.092862   0.149446   1384455191.686864
