34.110265619210786   -118.175093526366030   -0.056110   -0.057719   0.129113   0.207787   1384388951.564704
34.110261257988732   -118.175089721168330   -0.012737   -0.003473   0.028492   0.045854   1384388952.580762
34.110257560172485   -118.175085573509900   -0.018497   0.011369   0.041377   0.066589   1384388953.575819
34.110254586675886   -118.175082231104940   0.007079   -0.001551   0.015836   0.025485   1384388954.598877
34.110252403108433   -118.175079642145390   -0.008518   -0.012849   0.028743   0.046257   1384388955.586934
34.110249813247485   -118.175078685832490   -0.040024   -0.006612   0.089532   0.144087   1384388956.548989
34.110247715056126   -118.175077962124520   -0.050099   -0.023215   0.112069   0.180358   1384388957.565047
34.110246518384201   -118.175078325930940   -0.061354   -0.074788   0.167296   0.269237   1384388958.583105
34.110244575033256   -118.175079693977080   -0.008755   -0.138483   0.309779   0.498540   1384388959.542160
34.110243345354313   -118.175070987575580   0.396776   1.942330   4.344876   6.992389   1384388960.555218
34.110239614252762   -118.175052125619120   0.734608   1.722052   3.852128   6.199388   1384388961.549275
34.110239667536995   -118.175042184608000   0.384544   0.904785   2.023949   3.257225   1384388962.559333
34.110238958227839   -118.175040416598260   0.395304   0.568296   1.271243   2.045864   1384388963.562390
34.110239348922697   -118.175045120269460   0.162498   0.215539   0.482147   0.775939   1384388964.574448
34.110239737946181   -118.175054208546830   -0.020930   -0.048685   0.108906   0.175267   1384388965.544504
34.110239885437792   -118.175064134344230   0.039160   0.106861   0.239042   0.384701   1384388966.556561
34.110247095948608   -118.175074995085480   0.085235   0.405428   0.906917   1.459539   1384388967.537617
34.110254916432957   -118.175080693259800   0.310759   0.682569   1.526867   2.457250   1384388968.547675
34.110267367720787   -118.175075438948890   1.430842   2.042488   4.568922   7.352955   1384388969.556733
34.110287465602994   -118.175066050897400   2.380910   1.592831   5.325952   8.571275   1384388970.565791
34.110318860370192   -118.175064355890110   3.780774   0.584071   8.457364   13.610786   1384388971.574848
34.110356579929110   -118.175068117109500   3.765644   -0.143574   8.423520   13.556320   1384388972.532903
34.110393768986064   -118.175084475821820   3.251046   -1.433915   7.272395   11.703766   1384388973.558962
34.110426074640003   -118.175106783862740   2.265756   -1.138876   5.068361   8.156723   1384388974.568020
34.110449055118572   -118.175125755058300   1.406460   -0.804139   3.146168   5.063257   1384388975.583078
34.110461841264446   -118.175137936081870   0.213381   -0.205314   0.477320   0.768171   1384388976.547133
34.110467299003844   -118.175146216246930   -0.002917   -0.103642   0.231841   0.373111   1384388977.561191
34.110475017998297   -118.175157605950730   -0.107276   -0.053532   0.239970   0.386194   1384388978.575249
34.110480893925128   -118.175169372029420   -0.126300   -0.052823   0.282526   0.454681   1384388979.538304
34.110487113358921   -118.175180971854530   -0.066391   -0.093551   0.209267   0.336782   1384388980.551362
34.110492493416139   -118.175191823901470   -0.058906   -0.050620   0.131770   0.212063   1384388981.565420
34.110497107830085   -118.175200768774560   -0.037299   -0.045827   0.102513   0.164979   1384388982.578478
34.110501967531945   -118.175209337964160   -0.025820   -0.064342   0.143930   0.231633   1384388983.565534
34.110505573725035   -118.175216459076220   -0.041147   -0.057800   0.129295   0.208080   1384388984.581592
34.110508024591013   -118.175222572418290   -0.066263   -0.089754   0.200774   0.323114   1384388985.547648
34.110509743587592   -118.175228179640560   -0.053672   -0.082600   0.184771   0.297359   1384388986.565706
34.110511382251033   -118.175232365784690   -0.031374   -0.047621   0.106525   0.171436   1384388987.579764
34.110513001639610   -118.175235313649670   0.004334   -0.097003   0.216990   0.349211   1384388988.542819
34.110514660994795   -118.175237811551180   0.010095   -0.074887   0.167519   0.269595   1384388989.563877
34.110515861277683   -118.175239568582800   -0.046288   -0.011036   0.103544   0.166638   1384388990.571935
34.110517274709153   -118.175243021311190   -0.025912   0.002138   0.057963   0.093282   1384388991.543991
34.110518843395170   -118.175246731250810   -0.057536   0.017423   0.128705   0.207131   1384388992.550048
34.110520223868505   -118.175249579311030   -0.022841   0.020470   0.051094   0.082227   1384388993.561106
34.110522073988648   -118.175253068708560   0.092872   -0.131326   0.293768   0.472772   1384388994.575164
34.110525658108145   -118.175257444720710   0.110296   -0.061248   0.246724   0.397064   1384388995.556220
34.110528703776112   -118.175260168084110   0.049276   -0.076214   0.170487   0.274371   1384388996.572278
34.110530564182895   -118.175261658566330   -0.079536   0.017582   0.177916   0.286328   1384388997.582336
34.110531923843325   -118.175263717020810   -0.041085   -0.007424   0.091904   0.147905   1384388998.544391
34.110533800895077   -118.175265756789800   0.061712   -0.038459   0.138045   0.222162   1384388999.573450
34.110535711456436   -118.175267678000720   -0.032440   -0.000627   0.072566   0.116784   1384389000.583508
34.110537377563389   -118.175269698225830   -0.086951   0.040279   0.194504   0.313024   1384389001.549563
34.110538428203768   -118.175271373231770   -0.083035   0.026283   0.185744   0.298926   1384389002.560621
34.110548701060651   -118.175293354275850   0.018777   -0.013232   0.042004   0.067599   1384389003.553677
34.110551061366436   -118.175296198501740   0.002532   -0.013180   0.029482   0.047447   1384389004.550735
34.110553135625025   -118.175299560331040   -0.014412   -0.001773   0.032239   0.051884   1384389005.562792
34.110556666006012   -118.175303302931010   0.502049   -0.341709   1.123054   1.807378   1384389006.542848
34.110565811517539   -118.175310176386260   1.122582   -0.572243   2.511150   4.041297   1384389007.528905
34.110577204367694   -118.175316982578480   1.135918   -0.616552   2.540980   4.089304   1384389008.504961
34.110592578444098   -118.175324666940910   1.963754   -0.912398   4.392800   7.069514   1384389009.547020
34.110616370373968   -118.175336625109040   3.011062   -1.337402   6.735564   10.839822   1384389010.535077
34.110646191442200   -118.175352781081370   3.290363   -1.675178   7.360344   11.845306   1384389011.521133
34.110680442407507   -118.175375282175590   4.367558   -2.643610   9.769965   15.723209   1384389012.559192
34.110719427468567   -118.175409219988810   4.395773   -3.859885   9.833081   15.824784   1384389013.564250
34.110758390300425   -118.175457861057300   4.432264   -5.162647   11.548532   18.585530   1384389014.549306
34.110796728206751   -118.175522987836130   4.342303   -6.872150   15.372588   24.739742   1384389015.552364
34.110835870181901   -118.175599860090500   4.551317   -7.389218   16.529238   26.601186   1384389016.539420
34.110875941691205   -118.175680913338980   4.480856   -7.441457   16.646093   26.789246   1384389017.526477
34.110916580796577   -118.175761756493860   4.642050   -7.417041   16.591476   26.701349   1384389018.519533
34.110958061450880   -118.175843281161090   4.540358   -7.491661   16.758395   26.969978   1384389019.556593
34.110997756854609   -118.175921704423870   4.277173   -6.885221   15.401827   24.786797   1384389020.543649
34.111033501837255   -118.175991448269870   3.728865   -5.899815   13.197531   21.239333   1384389021.531706
34.111067136741291   -118.176052644762860   3.701205   -5.239058   11.719460   18.860611   1384389022.518762
34.111097397329239   -118.176104279479870   3.006580   -4.125323   9.228101   14.851164   1384389023.555821
34.111121297269420   -118.176142825109840   2.336656   -2.961713   6.625175   10.662168   1384389024.542878
34.111137569856801   -118.176168124065780   1.349299   -1.795083   4.015493   6.462299   1384389025.530935
34.111144269497316   -118.176178309567660   0.164456   -0.293191   0.655850   1.055486   1384389026.521991
34.111149461272674   -118.176185797901780   0.984631   -1.426878   3.191840   5.136760   1384389027.559051
34.111162346066266   -118.176204309470820   1.869007   -2.342408   5.239825   8.432668   1384389028.549107
34.111184702399619   -118.176229805004410   3.067503   -2.523204   6.861820   11.043011   1384389029.537164
34.111216244877212   -118.176250480634980   3.912198   -1.330801   8.751352   14.083913   1384389030.523220
34.111257596191685   -118.176250736552770   5.224382   1.362235   11.686630   18.807777   1384389031.511277
34.111306242508576   -118.176225543929530   5.545125   3.356567   12.404113   19.962452   1384389032.548336
34.111360223904484   -118.176184939287640   6.336981   4.106364   14.175446   22.813131   1384389033.558394
34.111423910157235   -118.176140956092420   7.671813   3.972294   17.161384   27.618525   1384389034.544450
34.111499367902880   -118.176098268862450   9.043484   3.874745   20.229731   32.556541   1384389035.531507
34.111581952441952   -118.176056067879470   9.287684   3.922543   20.775993   33.435664   1384389036.517563
34.111668190263032   -118.176012147811780   9.983953   4.188268   22.333503   35.942229   1384389037.555622
34.111755570530427   -118.175964581262210   9.450249   4.544603   21.139639   34.020895   1384389038.542679
34.111835106817232   -118.175912293003950   8.182281   5.081394   18.303271   29.456210   1384389039.531735
34.111903301538639   -118.175854138373750   6.860071   5.636796   15.345568   24.696256   1384389040.517792
34.111961873333307   -118.175796994490910   5.973686   4.849261   13.362777   21.505269   1384389041.559851
34.112010523372824   -118.175749397676940   4.619312   3.890360   10.333123   16.629523   1384389042.549908
34.112046635761153   -118.175713836443890   3.242723   2.673805   7.253778   11.673804   1384389043.558966
34.112070250997590   -118.175691588515110   1.894385   1.417877   4.237627   6.819788   1384389044.548022
34.112081838498796   -118.175681454072660   0.494882   0.441998   1.107021   1.781574   1384389045.534079
34.112084084434102   -118.175679668316450   0.021533   -0.053935   0.120650   0.194167   1384389046.518135
34.112082992667503   -118.175680908342840   -0.003588   -0.017464   0.039065   0.062870   1384389047.554194
34.112081496788782   -118.175682647643600   -0.009382   -0.020856   0.046654   0.075082   1384389048.541251
34.112079710243250   -118.175684895967170   -0.017801   -0.024862   0.055614   0.089503   1384389049.528307
34.112078065899141   -118.175687293906720   -0.016459   -0.017585   0.039337   0.063306   1384389050.518364
34.112076788955314   -118.175689602738910   -0.007470   -0.003337   0.016709   0.026890   1384389051.557423
34.112076536583992   -118.175691304306400   0.110981   0.085172   0.248259   0.399533   1384389052.546480
34.112076985182988   -118.175691530123740   0.110047   0.098682   0.246169   0.396170   1384389053.555538
34.112077918338123   -118.175692304953190   0.026971   -0.024451   0.060332   0.097095   1384389054.539594
34.112078829386611   -118.175693234082440   0.032474   -0.008014   0.072642   0.116906   1384389055.525650
34.112079616120063   -118.175693676102300   -0.015675   0.002671   0.035064   0.056430   1384389056.524707
34.112080296559895   -118.175693655961100   0.015831   -0.018380   0.041115   0.066167   1384389057.512764
34.112080471494465   -118.175693881323400   -0.029301   -0.007524   0.065544   0.105483   1384389058.547823
34.112080557773595   -118.175693720841150   0.015167   -0.023391   0.052325   0.084209   1384389059.531879
34.112080733954564   -118.175693231461980   0.006605   -0.000540   0.014775   0.023777   1384389060.514936
34.112080768095105   -118.175692599702800   -0.022351   -0.002292   0.049999   0.080465   1384389061.551995
34.112080890420174   -118.175692452076460   0.018364   -0.030576   0.068396   0.110072   1384389062.537051
34.112081437152916   -118.175692405269150   -0.017458   0.009717   0.039053   0.062850   1384389063.558110
34.112081823967479   -118.175692315367630   -0.000205   -0.000633   0.001415   0.002277   1384389064.543166
34.112082508496627   -118.175692592676510   0.030838   -0.013181   0.068984   0.111018   1384389065.530222
34.112083208381605   -118.175692679646570   0.038825   -0.022505   0.086849   0.139770   1384389066.518279
34.112083600975602   -118.175692698834750   0.015860   -0.001769   0.035478   0.057096   1384389067.557338
34.112083673869371   -118.175692883573660   -0.011845   -0.016317   0.036500   0.058741   1384389068.546395
34.112083529408181   -118.175693186341720   0.002538   -0.003294   0.007367   0.011857   1384389069.532451
34.112083513159646   -118.175693315145120   0.010133   -0.010106   0.022666   0.036478   1384389070.520508
34.112083562016387   -118.175693413805820   0.027572   -0.011202   0.061678   0.099261   1384389071.562567
34.112085072827490   -118.175692135379660   0.277293   0.246567   0.620288   0.998255   1384389072.547624
34.112091951153900   -118.175684981975820   1.269709   1.087635   2.840264   4.570954   1384389073.557681
34.112107870726000   -118.175670607272550   2.280342   1.523787   5.100987   8.209230   1384389074.541738
34.112134466615913   -118.175650207789390   3.558690   2.165234   7.960575   12.811283   1384389075.528794
34.112169917606018   -118.175629214258480   4.223969   1.674040   9.448766   15.206290   1384389076.515851
34.112214127858905   -118.175615521180920   5.474633   0.849574   12.246426   19.708680   1384389077.552910
34.112267906782392   -118.175616792837130   6.320328   -1.117889   14.138194   22.753180   1384389078.539966
34.112325590896745   -118.175645061532690   6.330116   -4.034857   14.160089   22.788417   1384389079.526023
34.112378547744292   -118.175705684288870   5.305469   -7.264107   16.249371   26.150784   1384389080.518080
34.112421647675340   -118.175798345610630   4.194849   -9.797127   21.915585   35.269656   1384389081.555139
34.112461000959463   -118.175912793183640   4.708693   -11.236415   25.135186   40.451094   1384389082.544195
34.112505912334647   -118.176042549771050   5.469860   -12.604477   28.195459   45.376117   1384389083.560254
34.112555863017050   -118.176184209977950   5.856688   -13.375159   29.919429   48.150573   1384389084.547310
34.112609102581914   -118.176332326709410   6.204600   -13.851441   30.984843   49.865189   1384389085.535367
34.112664079481441   -118.176486105343930   6.139700   -14.350707   32.101671   51.662545   1384389086.523423
34.112719788508770   -118.176645365223760   6.318211   -14.823294   33.158819   53.363857   1384389087.561482
34.112776012267432   -118.176807697711810   6.326411   -14.853287   33.225911   53.471832   1384389088.548539
34.112832573503255   -118.176968892307940   6.243385   -14.833085   33.180721   53.399106   1384389089.535595
34.112889843997991   -118.177130390240210   6.397384   -15.001777   33.558074   54.006396   1384389090.523652
34.112948583664789   -118.177294617909440   6.667492   -15.366959   34.374964   55.321051   1384389091.516709
34.113008894160501   -118.177462593408360   6.776946   -15.632190   34.968271   56.275883   1384389092.556768
34.113069209477729   -118.177632917605710   6.737269   -15.754809   35.242563   56.717314   1384389093.517823
34.113129843069316   -118.177803135237880   6.715220   -15.657137   35.024076   56.365693   1384389094.553882
34.113189109492062   -118.177968302408740   6.414619   -14.843769   33.204621   53.437569   1384389095.539939
34.113245760873866   -118.178126465668170   6.144249   -14.298842   31.985653   51.475833   1384389096.526995
34.113300348050466   -118.178278256138010   5.894764   -13.709312   30.666909   49.353525   1384389097.517052
34.113352429076578   -118.178423531188540   5.622282   -13.100445   29.304909   47.161601   1384389098.555111
34.113400116435365   -118.178558617040420   4.976926   -11.759953   26.306310   42.335833   1384389099.543168
34.113442491540624   -118.178677197730080   4.328543   -10.132734   22.666319   36.477843   1384389100.528224
34.113479994738313   -118.178774250155800   3.929738   -7.851495   17.563324   28.265383   1384389101.516281
34.113517964553623   -118.178847935065800   4.485694   -5.787761   12.946875   20.835940   1384389102.559340
34.113568741000464   -118.178895102398430   6.773473   -2.847654   15.151853   24.384504   1384389103.518395
34.113633411902121   -118.178904972648670   7.453781   1.072589   16.673660   26.833610   1384389104.557455
34.113699206701099   -118.178872577176340   7.075048   4.905937   15.826459   25.470174   1384389105.543511
34.113761416523033   -118.178803513916660   6.571957   7.671289   17.160213   27.616640   1384389106.541568
34.113824563299836   -118.178708752381780   7.283887   9.489734   21.227965   34.163041   1384389107.527624
34.113894178636791   -118.178599637616730   7.895983   10.162014   22.731816   36.583250   1384389108.514681
34.113966990227972   -118.178486045019850   7.967728   10.260593   22.952332   36.938136   1384389109.552740
34.114039892810212   -118.178373807715900   7.862791   9.864214   22.065655   35.511170   1384389110.535796
34.114110931521552   -118.178264952238110   7.439492   9.569295   21.405939   34.449462   1384389111.517853
34.114175167064175   -118.178163816008540   6.468419   8.504185   19.023351   30.615065   1384389112.550912
34.114226853596733   -118.178074211838340   4.742962   7.605161   17.012288   27.378579   1384389113.515967
34.114261375581101   -118.177993206305200   2.725613   6.981310   15.616772   25.132717   1384389114.548026
34.114276158843502   -118.177911989123570   0.314459   7.562798   16.917524   27.226071   1384389115.534082
34.114266177074292   -118.177825311701200   -2.675824   8.079526   18.073415   29.086293   1384389116.531139
34.114223969092741   -118.177740787633540   -6.521022   7.239666   16.194698   26.062798   1384389117.514196
34.114156461969898   -118.177662193598220   -8.263629   7.157209   18.485242   29.749064   1384389118.546255
34.114074279678256   -118.177577876869050   -9.592626   8.449273   21.458128   34.533452   1384389119.530311
34.113983306125554   -118.177482145579330   -10.285950   9.167323   23.009052   37.029419   1384389120.516367
34.113887968708980   -118.177382066531730   -10.573879   9.261765   23.653133   38.065965   1384389121.554427
34.113791322508789   -118.177284008432200   -10.476755   8.702528   23.435873   37.716319   1384389122.555484
34.113699470458549   -118.177194619468790   -9.469225   7.791094   21.182088   34.089210   1384389123.522539
34.113618557240585   -118.177115569189470   -8.037966   6.908853   17.980447   28.936677   1384389124.561599
34.113551435367533   -118.177046562034830   -6.451964   5.902035   14.432657   23.227072   1384389125.549655
34.113494202547820   -118.176986539708050   -5.746583   5.294718   12.854761   20.687699   1384389126.565713
34.113443271600204   -118.176933352661650   -5.185617   4.558846   11.599914   18.668221   1384389127.551770
34.113400351816765   -118.176892963463460   -4.063869   2.832418   9.090630   14.629927   1384389128.538826
34.113370257942144   -118.176871839587160   -2.513606   1.037379   5.622786   9.048982   1384389129.526883
34.113354419407848   -118.176864876200330   -0.947542   0.255107   2.119594   3.411150   1384389130.566942
34.113348623852815   -118.176863574534340   -0.311651   0.048799   0.697144   1.121943   1384389131.554999
34.113348623852815   -118.176863574534340   -0.000785   -0.002671   0.005975   0.009616   1384389132.533055
34.113348623852815   -118.176863574534340   -0.006546   -0.011742   0.026266   0.042271   1384389133.510111
34.113348623852815   -118.176863574534340   0.002234   -0.012229   0.027357   0.044026   1384389134.541169
34.113348623852815   -118.176863574534340   0.003815   -0.005240   0.011721   0.018863   1384389135.517225
34.113348623852815   -118.176863574534340   0.019820   0.001888   0.044336   0.071351   1384389136.556285
34.113348623852815   -118.176863574534340   -0.066093   -0.005957   0.147845   0.237934   1384389137.521340
34.113348623852815   -118.176863574534340   -0.291847   0.033843   0.652844   1.050650   1384389138.548399
34.113348623852815   -118.176863574534340   -0.230031   0.019817   0.514565   0.828111   1384389139.524455
34.113348623852815   -118.176863574534340   -0.144626   0.024116   0.323520   0.520654   1384389140.551513
34.113348623852815   -118.176863574534340   -0.030539   -0.008957   0.068313   0.109940   1384389141.528569
34.113348623852815   -118.176863574534340   -0.003722   -0.002899   0.008327   0.013401   1384389142.557628
34.113348623852815   -118.176863574534340   -0.280534   0.036672   0.627539   1.009924   1384389143.558685
34.113348623852815   -118.176863574534340   -0.673668   0.040146   1.506955   2.425205   1384389144.539742
34.113341161976010   -118.176863879269770   -0.575207   0.000978   1.286705   2.070747   1384389145.529798
34.113331763488702   -118.176864555419200   -1.171694   -0.079052   2.621008   4.218097   1384389146.564857
34.113308508712414   -118.176873185671440   -3.755392   -1.585187   8.400586   13.519411   1384389147.547913
34.113269030118495   -118.176907285157720   -4.918787   -4.782135   11.003031   17.707633   1384389148.530970
34.113220305580164   -118.176972357530700   -5.822777   -7.260988   16.242394   26.139556   1384389149.523027
34.113161511128069   -118.177063731423360   -7.117336   -9.574058   21.416592   34.466607   1384389150.561086
34.113086893987209   -118.177178505523710   -9.339735   -11.526609   25.784334   41.495794   1384389151.544142
34.112996429627451   -118.177310288380260   -10.691340   -12.735474   28.488490   45.847705   1384389152.523198
34.112887233453783   -118.177456163254690   -13.458741   -14.336934   32.070861   51.612963   1384389153.505254
34.112758544815122   -118.177615530896940   -14.914076   -14.781428   33.361893   53.690673   1384389154.533313
34.112615131513657   -118.177781708319090   -16.719131   -15.636263   37.399694   60.188873   1384389155.516369
34.112458972052927   -118.177960922068420   -17.454994   -17.036438   39.045775   62.837979   1384389156.546428
34.112300316512389   -118.178156559556070   -17.223440   -18.588558   41.581489   66.918810   1384389157.525484
34.112146767164759   -118.178368122657300   -16.547680   -20.236843   45.268604   72.852635   1384389158.553543
34.112002449092785   -118.178599270068300   -15.194198   -22.276625   49.831473   80.195849   1384389159.531599
34.111869654312116   -118.178849733960290   -13.818942   -23.658403   52.922429   85.170252   1384389160.509655
34.111747672473463   -118.179109617655900   -12.812831   -23.835224   53.317966   85.806807   1384389161.537714
34.111633776050994   -118.179369726840730   -12.097393   -23.636391   52.873188   85.091006   1384389162.515770
34.111525374385401   -118.179624230109650   -11.600524   -22.887129   51.197134   82.393664   1384389163.507826
34.111423488627388   -118.179871359466420   -10.724721   -22.367899   50.035648   80.524436   1384389164.536885
34.111337422023766   -118.180117337752920   -8.143809   -22.666212   50.702956   81.598363   1384389165.514941
34.111276401261698   -118.180367018092510   -5.350737   -23.106743   51.688397   83.184274   1384389166.546000
34.111239234102158   -118.180618191053310   -2.800492   -23.241434   51.989694   83.669163   1384389167.534057
34.111225016352456   -118.180874578595000   -0.202720   -23.907461   53.479556   86.066860   1384389168.516113
34.111234372087267   -118.181131403548660   2.335212   -23.133257   51.747708   83.279725   1384389169.551172
34.111264545345456   -118.181375523857840   4.384569   -21.378941   47.823407   76.964186   1384389170.535228
34.111311228492816   -118.181602873376820   5.942350   -20.146168   45.065768   72.526204   1384389171.527285
34.111370924897059   -118.181822204229290   7.260323   -19.893864   44.501379   71.617909   1384389172.563344
34.111438464860299   -118.182043071680280   7.625840   -20.440617   45.724433   73.586220   1384389173.518399
34.111503958266759   -118.182269508726960   6.770510   -21.021944   47.024828   75.678999   1384389174.556458
34.111557021105405   -118.182503677467150   4.846357   -21.852013   48.881641   78.667245   1384389175.545515
34.111589735208668   -118.182744366590480   2.283614   -22.318640   49.925458   80.347103   1384389176.533571
34.111597265409536   -118.182989159003940   -0.745993   -22.670441   50.712416   81.613586   1384389177.520628
34.111578398887083   -118.183236660678280   -3.528954   -22.822388   51.052312   82.160596   1384389178.555687
34.111533003004283   -118.183483291175410   -6.603770   -22.568745   50.484928   81.247481   1384389179.541744
34.111460793316091   -118.183724881545600   -9.468748   -21.959518   49.122125   79.054266   1384389180.524800
34.111363933196479   -118.183957023385160   -12.091861   -20.842445   46.623300   75.032803   1384389181.557859
34.111244419318886   -118.184175481736700   -14.398798   -19.432726   43.469842   69.957813   1384389182.545915
34.111103355599951   -118.184373885324060   -16.736355   -17.135227   38.330475   61.686818   1384389183.524971
34.110944679451158   -118.184549725814070   -18.395679   -15.266998   41.150031   66.224446   1384389184.559030
34.110768750343453   -118.184697652980230   -20.532190   -12.016588   45.929278   73.915885   1384389185.541086
34.110575901377153   -118.184812361385400   -22.048880   -9.143425   49.322021   79.375967   1384389186.525143
34.110370096925507   -118.184894186308340   -23.419310   -5.993558   52.387590   84.309515   1384389187.558202
34.110154001220224   -118.184947938905340   -24.316053   -4.005065   54.393552   87.537792   1384389188.541258
34.109930930020880   -118.184986422474110   -24.953888   -3.319982   55.820350   89.833997   1384389189.527314
34.109701123726310   -118.185020322199290   -25.343481   -3.477179   56.691847   91.236532   1384389190.564374
34.109470092577993   -118.185058869343810   -25.349989   -4.108355   56.706404   91.259960   1384389191.552430
34.109241573878670   -118.185109682755810   -24.922789   -5.578858   55.750783   89.722039   1384389192.539487
34.109019974730046   -118.185181815275600   -24.066069   -7.962285   53.834352   86.637847   1384389193.530544
34.108805293943689   -118.185282011285990   -23.500010   -10.563227   52.568111   84.600034   1384389194.568603
34.108596234133977   -118.185410339074140   -22.724730   -13.158333   50.833856   81.809026   1384389195.555659
34.108399524889258   -118.185568267039600   -20.791048   -16.063814   46.508327   74.847773   1384389196.542716
34.108216583243440   -118.185750745605560   -19.649242   -17.677526   43.954176   70.737273   1384389197.531772
34.108041093042836   -118.185941892108030   -19.203651   -17.632305   42.957416   69.133145   1384389198.568832
34.107873109439765   -118.186126343950860   -18.025311   -16.423693   40.321538   64.891118   1384389199.558888
34.107715063714302   -118.186302716603680   -17.040627   -16.133198   38.118859   61.346255   1384389200.539944
34.107570271682697   -118.186467106038560   -14.955971   -14.236502   33.455609   53.841495   1384389201.525001
34.107444740823013   -118.186611788167700   -12.795375   -12.492189   28.622486   46.063350   1384389202.563060
34.107339754347350   -118.186734557267120   -10.344318   -10.216124   23.139620   37.239546   1384389203.520115
34.107255769098622   -118.186834836646920   -8.292798   -8.326504   18.625889   29.975414   1384389204.561174
34.107191430845987   -118.186913578798070   -5.972719   -6.348397   14.200984   22.854230   1384389205.548231
34.107149253293713   -118.186972382850340   -3.451501   -4.722459   10.563857   17.000852   1384389206.536287
34.107130353523885   -118.187012835892390   -0.899767   -3.016623   6.748005   10.859844   1384389207.524344
34.107130155921716   -118.187042891247160   0.745772   -2.808318   6.282039   10.109944   1384389208.561403
34.107146686930705   -118.187076051834550   2.857403   -3.628264   8.116209   13.061751   1384389209.546459
34.107181978406594   -118.187116736714440   4.818163   -4.217957   10.777941   17.345387   1384389210.532516
34.107232941249890   -118.187165852176820   6.184454   -5.050458   13.834254   22.264036   1384389211.517572
34.107296012283257   -118.187224130300420   7.463504   -5.711586   16.695410   26.868614   1384389212.552632
34.107370141544038   -118.187289411631600   8.678061   -6.421905   19.412303   31.241021   1384389213.516687
34.107449948803925   -118.187358862910130   8.777280   -6.550390   19.634248   31.598207   1384389214.550746
34.107531428714161   -118.187428919940880   8.965679   -6.464635   20.055686   32.276445   1384389215.531802
34.107609823027104   -118.187490222690980   8.033612   -5.034598   17.970709   28.921004   1384389216.564861
34.107679839396923   -118.187533506304020   7.256056   -3.018191   16.231363   26.121803   1384389217.552918
34.107740053446143   -118.187554634485830   5.763807   -0.947743   12.893291   20.749706   1384389218.539974
34.107785506003594   -118.187557453200110   3.846066   0.250114   8.603419   13.845838   1384389219.526030
34.107811060445691   -118.187552077961130   1.390553   0.340986   3.110583   5.005990   1384389220.566090
34.107823323074072   -118.187547371633440   1.018059   0.218187   2.277338   3.665014   1384389221.553146
34.107839987174835   -118.187538860443620   2.573082   1.069224   5.755830   9.263095   1384389222.540203
34.107865608912391   -118.187520406634950   3.090656   2.145157   6.913611   11.126360   1384389223.527259
34.107893510584354   -118.187484490237030   3.017844   4.187540   9.367275   15.075142   1384389224.567319
34.107919541257182   -118.187422920802420   2.530054   6.716379   15.024137   24.178965   1384389225.553375
34.107941723952301   -118.187336865704850   2.346195   8.820998   19.732044   31.755593   1384389226.540432
34.107964803979065   -118.187231870940490   2.738557   10.154186   22.714305   36.555070   1384389227.527488
34.107991683993149   -118.187117699750940   3.114845   10.472074   23.425400   37.699465   1384389228.565548
34.108018589932236   -118.187005633739620   2.772568   9.646504   21.578652   34.727416   1384389229.552604
34.108042408636003   -118.186904138512560   2.462201   8.571447   19.173813   30.857211   1384389230.540660
34.108061726354975   -118.186815333035470   1.991939   7.326087   16.388016   26.373911   1384389231.529717
34.108075741769440   -118.186743614000310   1.284712   5.512847   12.331909   19.846251   1384389232.567776
34.108083012944277   -118.186693307522500   0.587803   3.475359   7.774169   12.511291   1384389233.524831
34.108084793803222   -118.186661675817390   0.169500   1.978742   4.426328   7.123472   1384389234.560890
34.108082169047428   -118.186647412618440   -0.069302   0.325514   0.728156   1.171851   1384389235.546947
34.108079366560005   -118.186640493765110   0.001377   0.545891   1.221126   1.965208   1384389236.538003
34.108077480169761   -118.186625251509370   0.253504   1.758070   3.932696   6.329051   1384389237.526060
34.108078554148612   -118.186599031302180   0.268065   2.770480   6.197398   9.973729   1384389238.563119
34.108078093503117   -118.186561215353460   -0.327952   4.139213   9.259170   14.901165   1384389239.550176
34.108065055713126   -118.186509175053840   -2.560344   5.340030   11.945327   19.224109   1384389240.537232
34.108029250089103   -118.186450857372880   -5.517205   5.362785   12.341656   19.861937   1384389241.535289
34.107971148046637   -118.186390237857380   -7.483114   5.848096   16.739277   26.939210   1384389242.523346
34.107897190245033   -118.186322782970630   -8.891273   6.575611   19.889245   32.008585   1384389243.527403
34.107814453909356   -118.186250708155170   -9.320489   6.796474   20.849375   33.553760   1384389244.565463
34.107726757962432   -118.186174908482140   -9.957358   7.308036   22.274013   35.846490   1384389245.552519
34.107632571626368   -118.186093154104530   -10.710357   7.855736   23.958425   38.557284   1384389246.539575
34.107530915341393   -118.186005483424410   -11.510729   8.347883   25.748810   41.438624   1384389247.557634
34.107426424347501   -118.185915077236810   -11.391245   8.344057   25.481531   41.008482   1384389248.544690
34.107324813711344   -118.185824811028030   -11.062491   8.455800   24.746130   39.824969   1384389249.536747
34.107226681273772   -118.185733193158540   -10.524325   8.552661   23.542284   37.887571   1384389250.523803
34.107130036930023   -118.185642599515890   -10.335903   8.322713   23.120795   37.209251   1384389251.568863
34.107037941623084   -118.185557761627890   -9.794091   7.530320   21.908794   35.258728   1384389252.555919
34.106952818140890   -118.185481727243210   -8.980606   6.562931   20.089077   32.330182   1384389253.527975
34.106876103756719   -118.185415618957720   -7.929673   5.729883   17.738202   28.546822   1384389254.562034
34.106808030976005   -118.185357825174170   -6.967955   5.092367   15.586898   25.084638   1384389255.554091
34.106747843196530   -118.185307433773250   -6.198027   4.448913   13.864614   22.312896   1384389256.541148
34.106698764106056   -118.185264367755650   -4.599478   3.699112   10.288757   16.558122   1384389257.544205
34.106665454227667   -118.185223323094690   -2.770132   4.047266   9.053492   14.570159   1384389258.531261
34.106650953036123   -118.185172336011820   -0.495706   5.152663   11.526198   18.549588   1384389259.568321
34.106658341805314   -118.185118988333030   2.069355   4.553955   10.186924   16.394238   1384389260.556377
34.106688275633019   -118.185069486428250   4.458710   4.455534   9.973867   16.051357   1384389261.543434
34.106737680453321   -118.185017297138020   6.289472   5.033556   14.069171   22.642098   1384389262.533490
34.106803799906004   -118.184962550024690   8.129680   4.959677   18.185606   29.266847   1384389263.524547
34.106884960079405   -118.184912165939220   9.640984   4.300306   21.566302   34.707541   1384389264.562606
34.106978384608531   -118.184871651090150   10.840488   3.190592   24.249522   39.025758   1384389265.549663
34.107080225824085   -118.184841197302600   11.450461   2.510602   25.613995   41.221661   1384389266.532719
34.107190255355121   -118.184816648748280   12.414797   2.188254   27.771156   44.693269   1384389267.564778
34.107303982604179   -118.184795375303790   12.424338   1.878762   27.792499   44.727618   1384389268.548834
34.107416958377669   -118.184778620800160   12.300644   1.324186   27.515802   44.282318   1384389269.533891
34.107527718732136   -118.184767638814550   11.801308   0.931250   26.398817   42.484708   1384389270.566950
34.107633874240562   -118.184762399552470   11.278508   0.276050   25.229346   40.602629   1384389271.549006
34.107733791156008   -118.184765650607930   10.427281   -0.648463   23.325203   37.538213   1384389272.529062
34.107828965464826   -118.184784658889280   10.300572   -2.561215   23.041762   37.082061   1384389273.525119
34.107920081428837   -118.184822807513460   9.691242   -4.239922   21.678727   34.888472   1384389274.557178
34.108005549857538   -118.184878733478300   8.988522   -5.852751   20.106783   32.358678   1384389275.540234
34.108084604483864   -118.184948108138430   8.384358   -6.845997   18.755307   30.183690   1384389276.522290
34.108157617904382   -118.185022053411290   7.703187   -6.635162   17.231566   27.731471   1384389277.555349
34.108221601012907   -118.185088757907620   6.409337   -5.565620   14.337302   23.073613   1384389278.536406
34.108274862269184   -118.185142385089020   5.180104   -4.176539   11.587581   18.648374   1384389279.519462
34.108316769612202   -118.185180908123480   3.922123   -2.772208   8.773555   14.119644   1384389280.551521
34.108346960672513   -118.185204850492370   2.446485   -1.367549   5.472640   8.807345   1384389281.535577
34.108363261082076   -118.185215828813530   0.900691   -0.432831   2.014792   3.242489   1384389282.522634
34.108369400001173   -118.185219247751460   0.204754   -0.046494   0.458022   0.737114   1384389283.524691
34.108369400001173   -118.185219247751460   0.370763   -0.145798   0.829374   1.334746   1384389284.558750
34.108375499188618   -118.185222480646270   0.765998   -0.220158   1.713491   2.757592   1384389285.545806
34.108386028937240   -118.185225637283750   1.560321   -0.245985   3.490345   5.617157   1384389286.531863
34.108406545401628   -118.185226270951230   2.994969   0.109769   6.699566   10.781889   1384389287.569922
34.108441933656266   -118.185214479793640   4.934803   2.088595   11.038857   17.765289   1384389288.562979
34.108496053060939   -118.185183895110780   7.084544   3.547185   15.847699   25.504357   1384389289.549035
34.108569638935620   -118.185140349354970   9.257942   4.459671   20.709461   33.328592   1384389290.539092
34.108664728081919   -118.185085545126630   11.802326   5.559402   26.401096   42.488374   1384389291.525148
34.108782032890232   -118.185025534571270   14.157332   5.400661   31.669103   50.966397   1384389292.562208
34.108919463363648   -118.184970025197270   16.091122   4.646899   35.994874   57.928038   1384389293.527263
34.109072752192922   -118.184922556669800   17.663105   3.817081   39.511306   63.587178   1384389294.568322
34.109240791952907   -118.184882583996950   19.260742   3.225637   43.085125   69.338672   1384389295.555379
34.109424570963824   -118.184847938565200   20.945919   2.966997   46.854764   75.405309   1384389296.546436
34.109620099967010   -118.184815183791950   21.792480   3.155016   48.748471   78.452930   1384389297.533492
34.109819254839991   -118.184778717731460   22.057859   3.584148   49.342108   79.408294   1384389298.571552
34.110018910896436   -118.184733424099190   21.873369   4.601420   48.929415   78.744129   1384389299.557608
34.110217397291819   -118.184676108019790   21.768871   5.988402   48.695659   78.367937   1384389300.545664
34.110412254493824   -118.184600426608010   21.116541   7.964494   47.236435   76.019547   1384389301.532721
34.110600374498269   -118.184501877023490   20.437136   10.164271   45.716646   73.573689   1384389302.570780
34.110780961355893   -118.184380593781900   19.483356   12.114479   43.583099   70.140083   1384389303.528835
34.110949036603031   -118.184237906613830   17.756813   14.186810   39.720925   63.924527   1384389304.563894
34.111097852380539   -118.184070519496700   15.191987   16.489698   36.886466   59.362914   1384389305.550951
34.111222941717656   -118.183879706798190   12.263952   18.418930   41.202041   66.308148   1384389306.533007
34.111322164440509   -118.183670567830020   9.359930   19.699062   44.065621   70.916624   1384389307.565066
34.111395797470486   -118.183450108990770   6.780607   20.487228   45.828701   73.754022   1384389308.546122
34.111445154929363   -118.183222590745150   4.163536   21.152689   47.317296   76.149680   1384389309.531178
34.111469731807631   -118.182987280385660   1.390929   21.694305   48.528860   78.099500   1384389310.564237
34.111466490953006   -118.182749379945250   -1.861998   21.723806   48.594851   78.205703   1384389311.547294
34.111433811684961   -118.182514438745700   -4.998438   21.080551   47.155928   75.889984   1384389312.530350
34.111374909287505   -118.182286425279200   -7.611045   20.326925   45.470112   73.176931   1384389313.526407
34.111300797326692   -118.182064210222930   -8.279069   19.824162   44.345460   71.366982   1384389314.559466
34.111227187185655   -118.181848282760140   -7.537344   19.142340   42.820265   68.912423   1384389315.545522
34.111162882465237   -118.181638822817940   -6.260167   18.677097   41.779546   67.237550   1384389316.530579
34.111111414496129   -118.181433733787490   -4.718782   18.496210   41.374912   66.586356   1384389317.563638
34.111073446221305   -118.181231701915490   -3.334269   18.187376   40.684069   65.474554   1384389318.548694
34.111049135404720   -118.181037512492540   -1.856135   17.389227   38.898657   62.601217   1384389319.531750
34.111036047586325   -118.180861283474710   -0.852146   14.971275   33.489845   53.896591   1384389320.568810
34.111027475822048   -118.180710811215860   -0.898983   12.667274   28.335931   45.602185   1384389321.556866
34.111011441793032   -118.180580577501420   -2.411241   11.286787   25.247865   40.632433   1384389322.543923
34.110976626123424   -118.180463398303520   -5.197993   10.185930   22.785315   36.669349   1384389323.531979
34.110916962480175   -118.180360877576600   -7.962775   8.816282   19.721494   31.738616   1384389324.571039
34.110837168594301   -118.180268026582600   -9.360678   8.546060   20.939274   33.698440   1384389325.559095
34.110748916321946   -118.180176742977760   -10.114360   8.433356   22.625216   36.411695   1384389326.550152
34.110653254992990   -118.180088442846750   -10.879637   7.859469   24.337095   39.166692   1384389327.537208
34.110554502097969   -118.180003745047760   -10.765028   7.858014   24.080722   38.754101   1384389328.535265
34.110463380531229   -118.179917494088630   -9.261904   8.142861   20.718323   33.342854   1384389329.572325
34.110387671191191   -118.179823678418300   -7.355949   9.271798   20.740456   33.378473   1384389330.560381
34.110332154645249   -118.179715306931660   -4.870141   10.745410   24.036837   38.683476   1384389331.547438
34.110302618190865   -118.179593629443260   -1.622761   11.707796   26.189637   42.148066   1384389332.534494
34.110301485765852   -118.179467336358870   1.608296   11.716308   26.208677   42.178708   1384389333.532551
34.110320801606882   -118.179339298784970   2.701947   11.875827   26.565512   42.752977   1384389334.566610
34.110347156375624   -118.179212293491030   3.180424   11.528090   25.787645   41.501122   1384389335.550667
34.110375618580747   -118.179085072888970   3.078258   11.813247   26.425524   42.527688   1384389336.535723
34.110406050562858   -118.178953084977380   3.649806   12.484936   27.928052   44.945769   1384389337.571782
34.110440150467547   -118.178813413684270   3.916251   13.221282   29.575215   47.596615   1384389338.558839
34.110474697526392   -118.178666811524270   3.738139   13.725420   30.702941   49.411512   1384389339.540895
34.110511693699152   -118.178515499962600   4.415674   14.118075   31.581288   50.825071   1384389340.522951
34.110552509707965   -118.178360569725560   4.621890   14.387672   32.184360   51.795621   1384389341.557010
34.110593152360828   -118.178203651786430   4.348402   14.449244   32.322093   52.017280   1384389342.540066
34.110632851243778   -118.178048577720590   4.419090   14.054884   31.439932   50.597582   1384389343.528123
34.110671856820034   -118.177897007716480   4.132162   13.852546   30.987314   49.869165   1384389344.564182
34.110706678247652   -118.177750651042760   3.531245   13.111939   29.330622   47.202982   1384389345.546238
34.110733791310082   -118.177612772820920   2.488790   12.213258   27.320325   43.967728   1384389346.528295
34.110753381723647   -118.177487705867480   1.883121   10.762003   24.073955   38.743211   1384389347.562354
34.110771259471868   -118.177379826950510   2.060929   9.043349   20.229430   32.556057   1384389348.548410
34.110790163115553   -118.177292467730310   2.058927   7.069759   15.814626   25.451132   1384389349.531466
34.110808022099683   -118.177226612072790   1.681527   5.213445   11.662164   18.768403   1384389350.564525
34.110821456363020   -118.177182704467200   1.087139   3.040160   6.800655   10.944575   1384389351.547581
34.110829274360491   -118.177160008141530   0.449130   1.227740   2.746380   4.419862   1384389352.529638
34.110831663130881   -118.177154481451950   -0.035155   -0.089939   0.201188   0.323779   1384389353.529695
34.110831663130881   -118.177154481451950   0.019665   -0.081815   0.183015   0.294534   1384389354.555754
34.110831663130881   -118.177154481451950   0.019914   -0.062552   0.139925   0.225187   1384389355.532810
34.110831663130881   -118.177154481451950   0.035753   -0.063285   0.141564   0.227825   1384389356.561868
34.110831663130881   -118.177154481451950   0.018350   -0.050699   0.113410   0.182515   1384389357.540924
34.110831663130881   -118.177154481451950   0.011400   -0.046641   0.104333   0.167907   1384389358.519980
34.110831663130881   -118.177154481451950   -0.009648   -0.050009   0.111867   0.180033   1384389359.550039
34.110831663130881   -118.177154481451950   0.012209   -0.025183   0.056332   0.090658   1384389360.529095
34.110831663130881   -118.177154481451950   0.038568   -0.043315   0.096893   0.155934   1384389361.562154
34.110831663130881   -118.177154481451950   0.002328   -0.037826   0.084615   0.136175   1384389362.539210
34.110831663130881   -118.177154481451950   0.036853   -0.045509   0.101801   0.163833   1384389363.532267
34.110831663130881   -118.177154481451950   0.039417   -0.060379   0.135064   0.217365   1384389364.556326
